790363316	0	102594	TP
790363360	1111111111	102555	TR
790363386	1111111111	102555	TR
790363343	1111111111	102555	TR
790365412	1111111111	102555	TR
790365415	1111111111	102555	TR
790365434	1111111111	102555	TR
790365440	1111111111	102555	TR
790365442	1111111111	102555	TR
790365445	1111111111	102555	TR
790365459	1111111111	102555	TR
790368162	0	100322	TP
790365455	1111111111	102555	TR
790365492	1111111111	102555	TR
790365497	1111111111	102555	TR
790365499	1111111111	102555	TR
790365501	1111111111	102555	TR
790365512	1111111111	102555	TR
790365519	1111111111	102555	TR
790367421	1111111111	102555	TR
790367451	1111111111	102555	TR
790367454	1111111111	102555	TR
790367468	1111111111	102555	TR
790367497	1111111111	102555	TR
790367545	1111111111	102555	TR
790367546	1111111111	102555	TR
790365467	1111111111	102555	TR
790365470	1111111111	102555	TR
790365488	1111111111	102555	TR
790365507	1111111111	102555	TR
790365534	1111111111	102555	TR
790365535	1111111111	102555	TR
790367422	1111111111	102555	TR
790367433	1111111111	102555	TR
790367446	1111111111	102555	TR
790367450	1111111111	102555	TR
790367467	1111111111	102555	TR
790367470	1111111111	102555	TR
790367471	1111111111	102555	TR
790367476	1111111111	102555	TR
790367481	1111111111	102555	TR
790367494	1111111111	102555	TR
790367498	1111111111	102555	TR
790367506	1111111111	102555	TR
790367515	1111111111	102555	TR
790367532	1111111111	102555	TR
790367534	1111111111	102555	TR
790367547	1111111111	102555	TR
790367549	1111111111	102555	TR
790369561	1111111111	102555	TR
790369591	1111111111	102555	TR
790369600	1111111111	102555	TR
790369642	1111111111	102555	TR
790369644	1111111111	102555	TR
790369684	1111111111	102555	TR
790369689	1111111111	102555	TR
790363402	1111111111	102555	TR
790363408	1111111111	102555	TR
790363412	1111111111	102555	TR
790363418	1111111111	102555	TR
790363453	1111111111	102555	TR
790363454	1111111111	102555	TR
790363455	1111111111	102555	TR
790363458	1111111111	102555	TR
790363459	1111111111	102555	TR
790363471	1111111111	102555	TR
790363498	1111111111	102555	TR
790363499	1111111111	102555	TR
790363501	1111111111	102555	TR
790363505	1111111111	102555	TR
790363509	1111111111	102555	TR
790365548	1111111111	102555	TR
790365552	1111111111	102555	TR
790365559	1111111111	102555	TR
790365593	1111111111	102555	TR
790369572	1111111111	102555	TR
790369590	1111111111	102555	TR
790369592	1111111111	102555	TR
790369612	1111111111	102555	TR
790369650	1111111111	102555	TR
790369675	1111111111	102555	TR
790363397	1111111111	102555	TR
790363417	1111111111	102555	TR
790363420	1111111111	102555	TR
790363427	1111111111	102555	TR
790363431	1111111111	102555	TR
790363440	1111111111	102555	TR
790363445	1111111111	102555	TR
790363448	1111111111	102555	TR
790363490	1111111111	102555	TR
790363508	1111111111	102555	TR
790365544	1111111111	102555	TR
790365549	1111111111	102555	TR
790365562	1111111111	102555	TR
790365567	1111111111	102555	TR
790365577	1111111111	102555	TR
790365589	1111111111	102555	TR
790365625	1111111111	102555	TR
790367622	1111111111	102555	TR
790367635	1111111111	102555	TR
790367641	1111111111	102555	TR
790367649	1111111111	102555	TR
790367651	1111111111	102555	TR
790367655	1111111111	102555	TR
790367664	1111111111	102555	TR
790365605	1111111111	102555	TR
790365629	1111111111	102555	TR
790365631	1111111111	102555	TR
790365642	1111111111	102555	TR
790365648	1111111111	102555	TR
790365664	1111111111	102555	TR
790367577	1111111111	102555	TR
790367602	1111111111	102555	TR
790367605	1111111111	102555	TR
790367620	1111111111	102555	TR
790367626	1111111111	102555	TR
790367639	1111111111	102555	TR
790367640	1111111111	102555	TR
790367653	1111111111	102555	TR
790367660	1111111111	102555	TR
790367682	1111111111	102555	TR
790369713	1111111111	102555	TR
790369726	1111111111	102555	TR
790369728	1111111111	102555	TR
790369748	1111111111	102555	TR
790369749	1111111111	102555	TR
790369752	1111111111	102555	TR
790369754	1111111111	102555	TR
790369758	1111111111	102555	TR
790369766	1111111111	102555	TR
790369770	1111111111	102555	TR
790369778	1111111111	102555	TR
790369794	1111111111	102555	TR
790369709	1111111111	102555	TR
790369725	1111111111	102555	TR
790369731	1111111111	102555	TR
790369763	1111111111	102555	TR
790369771	1111111111	102555	TR
790369823	1111111111	102555	TR
790363556	1111111111	102555	TR
790363560	1111111111	102555	TR
790363577	1111111111	102555	TR
790363598	1111111111	102555	TR
790363600	1111111111	102555	TR
790363610	1111111111	102555	TR
790363612	1111111111	102555	TR
790363614	1111111111	102555	TR
790363625	1111111111	102555	TR
790363627	1111111111	102555	TR
790363646	1111111111	102555	TR
790363650	1111111111	102555	TR
790363654	1111111111	102555	TR
790363658	1111111111	102555	TR
790363661	1111111111	102555	TR
790363663	1111111111	102555	TR
790365679	1111111111	102555	TR
790365688	1111111111	102555	TR
790365689	1111111111	102555	TR
790365691	1111111111	102555	TR
790365704	1111111111	102555	TR
790365706	1111111111	102555	TR
790365752	1111111111	102555	TR
790365756	1111111111	102555	TR
790363548	1111111111	102555	TR
790363555	1111111111	102555	TR
790363568	1111111111	102555	TR
790363576	1111111111	102555	TR
790363582	1111111111	102555	TR
790363583	1111111111	102555	TR
790363584	1111111111	102555	TR
790363592	1111111111	102555	TR
790363595	1111111111	102555	TR
790363613	1111111111	102555	TR
790363615	1111111111	102555	TR
790363621	1111111111	102555	TR
790363633	1111111111	102555	TR
790363635	1111111111	102555	TR
790363647	1111111111	102555	TR
790365680	1111111111	102555	TR
790365683	1111111111	102555	TR
790365701	1111111111	102555	TR
790365703	1111111111	102555	TR
790365720	1111111111	102555	TR
790365729	1111111111	102555	TR
790365731	1111111111	102555	TR
790365738	1111111111	102555	TR
790365743	1111111111	102555	TR
790365745	1111111111	102555	TR
790365746	1111111111	102555	TR
790365749	1111111111	102555	TR
790365753	1111111111	102555	TR
790365754	1111111111	102555	TR
790365755	1111111111	102555	TR
790365759	1111111111	102555	TR
790365770	1111111111	102555	TR
790365774	1111111111	102555	TR
790365792	1111111111	102555	TR
790365799	1111111111	102555	TR
790367687	1111111111	102555	TR
790367690	1111111111	102555	TR
790365779	1111111111	102555	TR
790367806	1111111111	102555	TR
790369855	1111111111	102555	TR
790369901	1111111111	102555	TR
790369927	1111111111	102555	TR
790369941	1111111111	102555	TR
790370490	1111111111	102555	TR
790363684	1111111111	102555	TR
790363712	1111111111	102555	TR
790363763	1111111111	102555	TR
790363773	1111111111	102555	TR
790365867	1111111111	102555	TR
790365872	1111111111	102555	TR
790365881	1111111111	102555	TR
790365891	1111111111	102555	TR
790365900	1111111111	102555	TR
790365913	1111111111	102555	TR
790365928	1111111111	102555	TR
790365929	1111111111	102555	TR
790365933	1111111111	102555	TR
790367841	1111111111	102555	TR
790367845	1111111111	102555	TR
790367880	1111111111	102555	TR
790367885	1111111111	102555	TR
790367890	1111111111	102555	TR
790367909	1111111111	102555	TR
790367917	1111111111	102555	TR
790367932	1111111111	102555	TR
790367935	1111111111	102555	TR
790367937	1111111111	102555	TR
790367940	1111111111	102555	TR
790367948	1111111111	102555	TR
790370372	1111111111	102555	TR
790370386	1111111111	102555	TR
790370389	1111111111	102555	TR
790370411	1111111111	102555	TR
790370432	1111111111	102555	TR
790370437	1111111111	102555	TR
790370449	1111111111	102555	TR
790370465	1111111111	102555	TR
790370469	1111111111	102555	TR
790370474	1111111111	102555	TR
790370475	1111111111	102555	TR
790370480	1111111111	102555	TR
790363800	1111111111	102555	TR
790363802	1111111111	102555	TR
790363828	1111111111	102555	TR
790363834	1111111111	102555	TR
790363835	1111111111	102555	TR
790363837	1111111111	102555	TR
790363838	1111111111	102555	TR
790363843	1111111111	102555	TR
790363846	1111111111	102555	TR
790363860	1111111111	102555	TR
790363862	1111111111	102555	TR
790363871	1111111111	102555	TR
790365356	25001701	101525	EE
790365396	25001711	101525	EE
790365397	25001765	102820	TP
790365400	25001719	100057	TP
790365401	25001719	100057	TP
790371743	25001618	101525	EE
790371750	25001538	101525	EE
790371752	25001542	101525	EE
790371765	25001550	101525	EE
790371782	25001689	101525	EE
790371808	25001610	101525	EE
790371813	25001524	101525	EE
790371814	25001525	100323	TP
790369947	1111111111	102555	TR
790369960	1111111111	102555	TR
790363688	1111111111	102555	TR
790363690	1111111111	102555	TR
790363691	1111111111	102555	TR
790363714	1111111111	102555	TR
790363722	1111111111	102555	TR
790363739	1111111111	102555	TR
790363755	1111111111	102555	TR
790363776	1111111111	102555	TR
790363777	1111111111	102555	TR
790363784	1111111111	102555	TR
790363786	1111111111	102555	TR
790365837	1111111111	102555	TR
790365841	1111111111	102555	TR
790365843	1111111111	102555	TR
790365847	1111111111	102555	TR
790365871	1111111111	102555	TR
790365897	1111111111	102555	TR
790365906	1111111111	102555	TR
790365926	1111111111	102555	TR
790365932	1111111111	102555	TR
790365937	1111111111	102555	TR
790367853	1111111111	102555	TR
790367865	1111111111	102555	TR
790367901	1111111111	102555	TR
790367905	1111111111	102555	TR
790367907	1111111111	102555	TR
790367911	1111111111	102555	TR
790367915	1111111111	102555	TR
790367939	1111111111	102555	TR
790367944	1111111111	102555	TR
790370373	1111111111	102555	TR
790370377	1111111111	102555	TR
790370396	1111111111	102555	TR
790370399	1111111111	102555	TR
790370405	1111111111	102555	TR
790370406	1111111111	102555	TR
790370413	1111111111	102555	TR
790370427	1111111111	102555	TR
790370429	1111111111	102555	TR
790370442	1111111111	102555	TR
790370483	1111111111	102555	TR
790370486	1111111111	102555	TR
790363799	1111111111	102555	TR
790363808	1111111111	102555	TR
790363815	1111111111	102555	TR
790363818	1111111111	102555	TR
790363853	1111111111	102555	TR
790363861	1111111111	102555	TR
790363867	1111111111	102555	TR
790363879	1111111111	102555	TR
790363885	1111111111	102555	TR
790363891	1111111111	102555	TR
790363895	1111111111	102555	TR
790363896	1111111111	102555	TR
790363905	1111111111	102555	TR
790363910	1111111111	102555	TR
790363917	1111111111	102555	TR
790363918	1111111111	102555	TR
790363921	1111111111	102555	TR
790363929	1111111111	102555	TR
790365942	1111111111	102555	TR
790365945	1111111111	102555	TR
790365950	1111111111	102555	TR
790365951	1111111111	102555	TR
790365970	1111111111	102555	TR
790366001	1111111111	102555	TR
790366014	1111111111	102555	TR
790366058	1111111111	102555	TR
790366060	1111111111	102555	TR
790365972	1111111111	102555	TR
790365997	1111111111	102555	TR
790366004	1111111111	102555	TR
790366050	1111111111	102555	TR
790367955	1111111111	102555	TR
790367978	1111111111	102555	TR
790367986	1111111111	102555	TR
790371307	1111111111	102555	TR
790371318	1111111111	102555	TR
790371320	0	100694	TP
790371330	0	100694	TP
790371381	1111111111	102555	TR
790371408	1111111111	102555	TR
790363962	1111111111	102555	TR
790363971	1111111111	102555	TR
790363982	1111111111	102555	TR
790363989	1111111111	102555	TR
790364029	1111111111	102555	TR
790364060	1111111111	102555	TR
790364064	1111111111	102555	TR
790366085	1111111111	102555	TR
790366097	1111111111	102555	TR
790366115	1111111111	102555	TR
790366124	1111111111	102555	TR
790366160	1111111111	102555	TR
790366174	0	101024	TP
790366199	1111111111	102555	TR
790371401	1111111111	102555	TR
790371423	1111111111	102555	TR
790371430	1111111111	102555	TR
790363946	1111111111	102555	TR
790363949	0	101770	TP
790363960	0	101770	TP
790363961	1111111111	102555	TR
790363963	1111111111	102555	TR
790364004	1111111111	102555	TR
790364007	1111111111	102555	TR
790364017	1111111111	102555	TR
790364024	1111111111	102555	TR
790366125	0	101026	TP
790366143	1111111111	102555	TR
790366171	1111111111	102555	TR
790366186	1111111111	102555	TR
790366187	1111111111	102555	TR
790366197	1111111111	102555	TR
790368090	1111111111	102555	TR
790368095	1111111111	102555	TR
790368100	1111111111	102555	TR
790368120	1111111111	102555	TR
790368133	1111111111	102555	TR
790368136	1111111111	102555	TR
790368148	1111111111	102555	TR
790369445	1111111111	102555	TR
790369519	1111111111	102555	TR
790368171	1111111111	102555	TR
790368188	1111111111	102555	TR
790370782	1111111111	102555	TR
790370793	1111111111	102555	TR
790364081	1111111111	102555	TR
790364094	1111111111	102555	TR
790364108	1111111111	102555	TR
790364110	1111111111	102555	TR
790364111	1111111111	102555	TR
790364124	1111111111	102555	TR
790364139	1111111111	102555	TR
790366223	1111111111	102555	TR
790366239	1111111111	102555	TR
790366249	1111111111	102555	TR
790370835	1111111111	102555	TR
790370846	1111111111	102555	TR
790370894	1111111111	102555	TR
790364078	1111111111	102555	TR
790364150	1111111111	102555	TR
790366222	1111111111	102555	TR
790366257	1111111111	102555	TR
790366363	1111111111	102913	BE
790366403	1111111111	102555	TR
790368360	1111111111	102555	TR
790368361	1111111111	102555	TR
790368422	1111111111	102555	TR
790368430	1111111111	102555	TR
790368466	1111111111	102555	TR
790368476	1111111111	102555	TR
790368480	1111111111	102555	TR
790366487	1111111111	102912	BE
790366488	1111111111	102912	BE
790366489	1111111111	102912	BE
790366560	1111111111	102912	BE
790366572	1111111111	102912	BE
790366564	1111111111	102912	BE
790366567	1111111111	102912	BE
790364522	25001546	100323	TP
790364523	25001546	100323	TP
790364525	25001581	101525	EE
790364526	25001584	101525	EE
790364527	25001554	101525	EE
790364528	25001556	102710	TP
790364529	25001580	102820	TP
790364534	25001647	102711	TP
790364535	25001574	100057	TP
790364536	25001521	101525	EE
790364539	25001538	101525	EE
790364540	25001521	101525	EE
790364541	25001525	100323	TP
790364543	25000898	100824	TP
790364545	25000835	100824	TP
790364546	25000835	100824	TP
790364548	25000842	100824	TP
790364549	25000843	100824	TP
790364550	25000849	100060	TP
790364551	25000845	102702	TP
790364552	25000877	100824	TP
790364553	25000877	100824	TP
790364555	25000991	101525	EE
790364556	25000991	101525	EE
790364557	25000888	100324	TP
790364558	25000881	100695	TP
790364559	25000983	102665	TP
790364560	25000983	102665	TP
790364561	25000972	100057	TP
790364562	25001671	102617	MD
790364563	25001671	102617	MD
790364564	25001516	100394	TP
790364565	25001563	101525	EE
790364568	25001646	101525	EE
790364569	25001649	101097	RT
790364570	25001650	101097	RT
790364571	25001654	102753	RT
790364587	25001927	101525	EE
790364592	25001906	101525	EE
790366623	25001734	100391	TP
790366624	25001720	100057	TP
790366626	25001722	100391	TP
790366630	25001693	101525	EE
790366632	25001734	100391	TP
790366633	25001850	100696	TP
790366634	25001686	101525	EE
790366635	25001850	100696	TP
790366637	25001740	100060	TP
790366642	25001740	100060	TP
790366655	25001821	100009	MD
790366659	25001687	102665	TP
790366695	1111111111	101963	MS
790366696	1111111111	102515	MS
790366697	1111111111	101963	MS
790368650	25001523	100696	TP
790368654	25001513	100696	TP
790368665	25001891	101525	EE
790368669	25001855	101525	EE
790368670	25001754	102701	TP
790368672	25001932	100323	TP
790368674	25001924	100057	TP
790368675	25001577	101525	EE
790368676	25001754	102701	TP
790368678	25001924	100057	TP
790368700	25001999	101525	EE
790368701	25001999	101525	EE
790368721	25001313	101525	EE
790368722	25001326	101525	EE
790368723	25001345	101525	EE
790368724	25001365	100327	TP
790368725	25001417	102701	TP
790368726	25001420	102820	TP
790368728	25001421	102820	TP
790368730	25001310	102703	TP
790368731	25001310	102703	TP
790368732	25001310	102703	TP
790368736	25001304	101525	EE
790368737	25001304	101525	EE
790368738	25001304	101525	EE
790368739	25001304	101525	EE
790368740	25001302	101525	EE
790368745	25001307	101525	EE
790368752	25001344	101525	EE
790368753	25001329	101525	EE
790368754	25001329	101525	EE
790368755	25001371	102665	TP
790371034	25001395	100323	TP
790371035	25001394	100060	TP
790371036	25001361	102665	TP
790371059	25001010	101525	EE
790371060	25001008	101525	EE
790371061	25000995	101525	EE
790371062	25000994	101525	EE
790371063	25001017	100393	TP
790371064	25001026	101525	EE
790371067	25001004	101525	EE
790371068	25000827	100324	TP
790371073	25000868	100824	TP
790371074	25000852	102702	TP
790371075	25000852	102702	TP
790371078	25001028	101525	EE
790371079	25001041	101525	EE
790371081	25000982	100695	TP
790371082	25001030	101525	EE
790371083	25001048	101525	EE
790371084	25001046	101525	EE
790371085	25001042	101525	EE
790371086	25001035	101525	EE
790371087	25001022	100383	TP
790371093	25000909	100824	TP
790371094	25000903	100696	TP
790371095	25000900	100060	TP
790371096	25000882	100696	TP
790371097	25000907	100824	TP
790371100	25000600	100696	TP
790371101	25000597	102701	TP
790371102	25000590	102701	TP
790371103	25000576	100383	TP
790371105	25000598	102701	TP
790371106	25000599	102701	TP
790371107	25000605	102702	TP
790371109	25000915	100824	TP
790371113	25000975	100605	MD
790371115	25000928	100824	TP
790371116	25000926	100824	TP
790371119	25000588	100323	TP
790371120	25000588	100323	TP
790371121	25000588	100323	TP
790371122	25000561	100393	TP
790371123	25000548	100383	TP
790371128	25000571	100322	TP
790371129	25000646	100696	TP
790371130	25000640	100696	TP
790371131	25000639	100696	TP
790371132	25000631	102701	TP
790371133	25000609	100323	TP
790371134	25000627	102701	TP
790371135	25000627	102701	TP
790371136	25000629	100696	TP
790371141	25000676	100394	TP
790371142	25000661	100696	TP
790371144	25000643	100393	TP
790371145	25000650	100393	TP
790371146	25000656	100354	BE
790371147	25000656	100354	BE
790371148	25000420	102701	TP
790371150	25000127	100695	TP
790371151	25000128	100394	TP
790371152	25000123	100695	TP
790371153	25000118	100695	TP
790371156	25000111	100383	TP
790371158	25000127	100695	TP
790371161	25000041	100394	TP
790371162	25000035	100394	TP
790371163	25000031	100795	TP
790371164	25000396	100323	TP
790371165	25000417	102701	TP
790371166	25000042	100394	TP
790364602	25000042	100394	TP
790364603	25000039	100394	TP
790364604	25000136	100695	TP
790364605	25000090	100057	TP
790364606	25000083	100394	TP
790364609	25000171	100386	TP
790364612	25000178	100386	TP
790364613	25000153	100695	TP
790364614	0	102663	TP
790364615	0	102663	TP
790364616	0	102663	TP
790364617	0	102663	TP
790364620	0	102663	TP
790364623	0	102663	TP
790364627	25000327	102701	TP
790364628	25000342	100324	TP
790364629	25000274	102668	TP
790364630	25000335	100324	TP
790364631	25000336	100383	TP
790364632	25000343	100383	TP
790364633	25000344	100324	TP
790364634	25000407	100694	TP
790364635	25000216	100383	TP
790364637	25000408	102701	TP
790364638	25000413	102701	TP
790364639	25000203	100383	TP
790364640	25000207	100795	TP
790364641	25000214	100383	TP
790364644	25000947	100383	TP
790364646	25000940	100060	TP
790364647	25000940	100060	TP
790364648	25000945	100383	TP
790364650	25000934	101525	EE
790364651	25000934	101525	EE
790364652	25000929	100324	TP
790364653	25000929	100324	TP
790364654	25000403	100324	TP
790364657	25000375	100383	TP
790364658	25000423	102703	TP
790364659	25000367	100393	TP
790364660	25000390	100057	TP
790364661	25000374	100057	TP
790364662	25000418	100323	TP
790364663	25000417	102701	TP
790364664	25000096	102702	TP
790364665	25000139	102702	TP
790364666	25000144	100393	TP
790364667	25000193	100795	TP
790364668	25000196	100795	TP
790364670	25000135	100394	TP
790364671	25000191	100386	TP
790364672	25000194	100386	TP
790364674	25000234	102663	TP
790364675	25000237	102663	TP
790364676	25000241	102663	TP
790364677	25000246	102663	TP
790364678	25000247	100394	TP
790364680	25000249	102663	TP
790364681	25000245	102663	TP
790364682	25000242	102663	TP
790364683	25000232	102663	TP
790364684	25000450	100060	TP
790364685	25000450	100060	TP
790364686	25000450	100060	TP
790364689	25000531	102703	TP
790364690	25000444	100383	TP
790364692	25000438	100694	TP
790364693	25000438	100694	TP
790364694	25000106	100394	TP
790364696	25000077	102702	TP
790364697	25000202	100386	TP
790364699	25000106	100394	TP
790364702	25000192	100386	TP
790364705	25000280	100057	TP
790364706	25000225	102665	TP
790364707	25000277	100394	TP
790364708	25000277	100394	TP
790364711	25000300	100322	TP
790364712	25000302	100383	TP
790364725	25000360	102701	TP
790364730	25000356	100383	TP
790366747	25000353	100324	TP
790366750	25000358	100383	TP
790366753	25000353	100324	TP
790366756	25000516	100695	TP
790366758	25000550	100322	TP
790366761	25000479	102703	TP
790366764	25000474	102703	TP
790366767	25000469	100322	TP
790366770	25000429	102703	TP
790366772	25000547	100393	TP
790366774	25000547	100393	TP
790366777	25000538	100695	TP
790366783	25000490	102703	TP
790366786	25000457	100324	TP
790366793	25000448	100394	TP
790366796	25000425	102701	TP
790366800	25000529	100323	TP
790366804	25000520	100323	TP
790366807	25000489	100324	TP
790366810	25000469	100322	TP
790366813	25000489	100324	TP
790366817	25000424	102703	TP
790366818	25000519	100323	TP
790366826	25000521	100323	TP
790366831	25000500	102701	TP
790366836	25000436	100060	TP
790366838	25000529	100323	TP
790366845	0	102663	TP
790366847	0	102663	TP
790366850	0	102663	TP
790366851	0	100698	TP
790366852	0	100795	TP
790366853	0	102663	TP
790366854	0	100698	TP
790366855	0	100698	TP
790366856	0	100698	TP
790366857	1111111111	101963	MS
790366858	1111111111	102515	MS
790366859	1111111111	101963	MS
790366860	1111111111	102515	MS
790366861	1111111111	101963	MS
790366863	1111111111	102515	MS
790366864	1111111111	101963	MS
790366866	1111111111	102515	MS
790366868	1111111111	102515	MS
790366871	25001104	100696	TP
790366875	25001104	100696	TP
790366878	25001104	100696	TP
790368756	25001156	100824	TP
790368758	25001156	100824	TP
790368761	25001141	100383	TP
790368763	25001126	100824	TP
790368767	25001131	100824	TP
790368769	25001131	100824	TP
790368772	25001131	100824	TP
790368780	25001117	102668	TP
790368786	25001125	100824	TP
790368792	25001087	100605	MD
790368796	25001079	100696	TP
790368844	25001058	100605	MD
790368850	25001020	100057	TP
790368851	25001020	100057	TP
790368854	25001020	100057	TP
790368858	25001071	100057	TP
790368859	25001036	100383	TP
790368862	25001036	100383	TP
790368865	25001020	100057	TP
790368869	25001075	100696	TP
790368875	25001135	100824	TP
790368877	25001135	100824	TP
790368882	25001112	100324	TP
790368884	25001077	100696	TP
790370535	1111111111	102515	MS
790370536	1111111111	102515	MS
790370537	1111111111	101963	MS
790370538	1111111111	102515	MS
790370540	1111111111	102515	MS
790370541	1111111111	102515	MS
790370542	1111111111	102515	MS
790370543	1111111111	101963	MS
790370544	1111111111	102515	MS
790370546	25000798	100060	TP
790370547	25000727	100229	BE
790370548	25000716	100696	TP
790370554	25000679	100394	TP
790370555	1111111111	102515	MS
790370557	1111111111	102515	MS
790370556	1111111111	102515	MS
790370560	1111111111	102515	MS
790370561	1111111111	102515	MS
790370562	1111111111	101963	MS
790370563	1111111111	101963	MS
790370564	1111111111	101963	MS
790370567	0	100694	TP
790370569	0	100057	TP
790370571	0	100391	TP
790370572	0	100383	TP
790370573	0	100322	TP
790370576	0	102665	TP
790370579	0	102665	TP
790370580	0	102665	TP
790370582	0	100383	TP
790370583	0	100057	TP
790370584	0	100057	TP
790370585	0	102666	TP
790370586	0	102666	TP
790370587	0	102666	TP
790370588	0	100060	TP
790370589	0	102671	TP
790370591	0	102666	TP
790370593	0	100060	TP
790370594	0	100060	TP
790370595	25001193	101525	EE
790370596	25001189	100696	TP
790370597	25001188	101525	EE
790370599	25001206	101525	EE
790370600	25000261	100297	TP
790370603	25000262	100297	TP
790370604	25001214	102702	TP
790370606	25000228	102663	TP
790370607	25000230	100394	TP
790370608	25000215	100383	TP
790370609	25000215	100383	TP
790370610	0	100695	TP
790370611	0	100695	TP
790370612	25000205	102211	TP
790370613	25000209	100386	TP
790370614	25000215	100383	TP
790364714	25000114	100322	TP
790364715	25000113	100383	TP
790364719	0	102663	TP
790364720	25000115	100394	TP
790364724	25000107	100394	TP
790364731	0	100795	TP
790364732	0	100795	TP
790364734	0	102663	TP
790364735	0	102663	TP
790366748	25000029	100695	TP
790366749	25000031	100795	TP
790366752	25000024	100695	TP
790366755	25000541	100383	TP
790366757	25000426	102662	TP
790366759	25000422	100324	TP
790366763	25000555	100322	TP
790366765	25000554	100322	TP
790366768	25000362	100394	TP
790366769	0	102663	TP
790366771	0	100795	TP
790366775	0	102672	TP
790366778	0	102663	TP
790366780	0	102663	TP
790366781	0	100698	TP
790366782	0	102703	TP
790366784	0	102703	TP
790366785	0	100057	TP
790366802	25000264	100394	TP
790366803	25000260	102663	TP
790366805	25000259	102663	TP
790366806	25000257	102663	TP
790366808	25000254	102663	TP
790366809	25000255	100394	TP
790366811	25000264	100394	TP
790366815	25000303	100383	TP
790366816	25000342	100324	TP
790366819	25000340	100383	TP
790366824	25000341	102701	TP
790366825	25000341	102701	TP
790366830	25000347	100383	TP
790366832	25000346	100324	TP
790366837	25000319	102665	TP
790366843	25000308	102701	TP
790366846	25000301	102702	TP
790366848	25000310	102665	TP
790366849	25001145	100824	TP
790366865	25001130	100695	TP
790366869	25001083	100383	TP
790366870	25001085	102701	TP
790366872	25001131	100824	TP
790366873	25001134	100824	TP
790366874	25001137	100824	TP
790366877	25001153	100824	TP
790368768	1111111111	101963	MS
790368774	25000790	100391	TP
790368776	25000806	100393	TP
790368779	25000771	102703	TP
790368781	25000703	102702	TP
790368787	25000742	100394	TP
790368788	25000819	100824	TP
790368794	25000968	102703	TP
790368795	25000973	102703	TP
790368797	25000762	102711	TP
790368801	25000811	102702	TP
790368804	25001178	100696	TP
790368805	25001188	101525	EE
790368809	25001172	101525	EE
790368811	25001190	101525	EE
790368812	25001193	101525	EE
790368814	25001186	101525	EE
790368816	25001186	101525	EE
790368817	25001571	101525	EE
790368821	25001510	102702	TP
790368825	25001510	102702	TP
790368827	25001510	102702	TP
790368830	25001432	100393	TP
790368831	25001421	102820	TP
790368833	25000735	100963	BI
790368834	25000732	100963	BI
790368835	25000727	100229	BE
790368837	25000727	100229	BE
790368839	25000727	100229	BE
790368841	25000746	100605	MD
790368842	25000746	100605	MD
790368843	25000746	100605	MD
790368846	25000737	100963	BI
790368848	25001184	100391	TP
790368855	25001207	101525	EE
790368856	25001195	101525	EE
790368857	25001196	101525	EE
790368860	25001198	101525	EE
790368861	25001198	101525	EE
790368864	25001198	101525	EE
790368883	0	100060	TP
790368889	0	102663	TP
790370499	0	100060	TP
790370500	0	100698	TP
790370503	0	100695	TP
790370505	0	100060	TP
790370506	0	100695	TP
790370508	0	102663	TP
790370510	0	100880	TP
790370512	0	102663	TP
790370513	0	102672	TP
790370514	0	102672	TP
790370516	25000451	100394	TP
790370518	0	100880	TP
790370519	0	100880	TP
790370521	0	100880	TP
790370522	25001261	102701	TP
790370524	25001261	102701	TP
790370526	25001261	102701	TP
790370528	25001261	102701	TP
790370529	25001229	100696	TP
790370532	25001555	101525	EE
790370534	25001665	102614	MD
790370617	25000875	100824	TP
790370618	25000875	100824	TP
790370619	25000873	100824	TP
790370620	25000873	100824	TP
790370621	25000861	100383	TP
790370622	25000889	101884	MD
790370623	25000870	102668	TP
790370624	25000886	100324	TP
790370625	25000878	100824	TP
790370626	25000834	100824	TP
790370627	25000834	100824	TP
790370628	25000899	100824	TP
790370629	25000908	101525	EE
790370630	25000912	100824	TP
790370631	25000931	100057	TP
790364736	25000931	100057	TP
790364737	25000931	100057	TP
790364738	25000952	101884	MD
790364739	25000967	100386	TP
790364740	25000605	102702	TP
790364741	25000605	102702	TP
790364743	25000609	100323	TP
790364744	25000609	100323	TP
790364745	25000643	100393	TP
790364753	25000603	100696	TP
790364755	25001887	101311	MD
790364760	25001933	102746	RT
790364762	25001919	101525	EE
790364767	25001004	101525	EE
790364768	25000994	101525	EE
790364769	25000972	100057	TP
790364771	25000975	100605	MD
790364775	25000921	100824	TP
790364776	25000921	100824	TP
790364778	25000921	100824	TP
790364779	25000920	101525	EE
790364781	25000472	100077	TP
790364782	25000461	100383	TP
790364784	25000468	100322	TP
790364785	25000467	100322	TP
790364787	25000467	100322	TP
790364788	25000502	100324	TP
790364797	25000854	100393	TP
790364799	25000778	100695	TP
790364804	25000730	100963	BI
790364806	25000734	100963	BI
790364820	25000775	102703	TP
790364822	25000771	102703	TP
790364825	25000699	100696	TP
790364829	25000703	102702	TP
790364830	25000703	102702	TP
790364834	25000661	100696	TP
790364835	25000676	100394	TP
790364839	25000638	100696	TP
790364841	25000629	100696	TP
790364842	25000627	102701	TP
790364844	25000615	100696	TP
790364846	25000648	102701	TP
790364862	25000536	100695	TP
790364864	25000536	100695	TP
790364866	25000474	102703	TP
790366880	25000521	100323	TP
790366889	25000541	100383	TP
790366892	25000550	100322	TP
790366898	25000538	100695	TP
790366899	25000563	102701	TP
790366901	25000557	100322	TP
790366908	25000568	102701	TP
790366910	25000585	100393	TP
790366912	25000583	100383	TP
790366916	25000562	100323	TP
790366917	25000854	100393	TP
790366919	25000854	100393	TP
790366920	25000847	100824	TP
790366922	25000846	101525	EE
790366924	25000777	102624	MD
790366926	25000854	100393	TP
790366927	25000854	100393	TP
790366930	25000589	100323	TP
790366938	25000556	100323	TP
790366939	25000551	100393	TP
790366941	25000566	100695	TP
790366943	25000565	102701	TP
790366945	25000107	100394	TP
790366948	25000113	100383	TP
790366949	25000108	100394	TP
790366951	25000107	100394	TP
790366952	25000112	100694	TP
790366954	25000101	100394	TP
790366958	25000095	100393	TP
790366959	25000098	100394	TP
790366962	25000441	100383	TP
790366963	25000439	100394	TP
790366965	25000398	100324	TP
790366967	25000376	100383	TP
790366968	25000330	100057	TP
790366970	25000590	102701	TP
790366972	25000427	100324	TP
790366974	25000407	100694	TP
790366976	25000408	102701	TP
790366977	25000391	100057	TP
790366979	25000391	100057	TP
790366980	25000391	100057	TP
790366982	25000396	100323	TP
790366983	25000391	100057	TP
790366989	25000395	100324	TP
790366990	25000382	100324	TP
790366991	25000378	100383	TP
790366992	25000377	102668	TP
790366997	25000363	102665	TP
790367001	25000547	100393	TP
790367009	0	100694	TP
790367010	0	100060	TP
790367011	0	100694	TP
790367012	0	100060	TP
790368890	0	100060	TP
790368891	0	100060	TP
790368892	0	100694	TP
790368893	0	100694	TP
790368894	25000243	102663	TP
790368895	25000252	102663	TP
790368896	25000092	100057	TP
790368897	25000092	100057	TP
790368898	25000275	100695	TP
790368899	25000226	100394	TP
790368902	25000266	100394	TP
790368903	25000273	102663	TP
790368904	25000334	102668	TP
790368905	25000334	102668	TP
790368906	25000417	102701	TP
790368907	25000417	102701	TP
790368908	25000439	100394	TP
790368910	25000458	100383	TP
790364747	25000714	100383	TP
790364748	25000742	100394	TP
790364751	25000764	100057	TP
790364780	25000524	100323	TP
790364783	25000518	100323	TP
790364786	25000518	100323	TP
790364789	25000470	100695	TP
790364793	25000493	102703	TP
790364795	25000493	102703	TP
790364798	25000502	100324	TP
790364800	25000492	102701	TP
790364803	25000472	100077	TP
790364810	25000872	100824	TP
790364812	25000840	100824	TP
790364813	25000840	100824	TP
790364815	25000844	100824	TP
790364816	25000840	100824	TP
790364819	25000839	100824	TP
790364821	25000841	100824	TP
790364826	25000840	100824	TP
790364831	25001534	100696	TP
790364845	25001536	101525	EE
790364848	25001532	101525	EE
790364849	25001521	101525	EE
790364850	25000810	100824	TP
790364853	25000813	100824	TP
790364854	25000808	101525	EE
790364856	25000790	100391	TP
790364867	25000873	100824	TP
790364868	25000837	100824	TP
790366881	25000818	100824	TP
790366882	25000806	100393	TP
790366884	25000423	102703	TP
790366885	25000423	102703	TP
790366886	25000418	100323	TP
790366887	25000426	102662	TP
790366890	25000375	100383	TP
790366893	25000435	100394	TP
790366895	25000374	100057	TP
790366934	25000848	100824	TP
790366953	25000848	100824	TP
790366955	25000804	100824	TP
790366964	25000438	100694	TP
790366966	25000438	100694	TP
790366973	25000456	100383	TP
790366978	25000413	102701	TP
790366981	25000416	100323	TP
790366984	25000440	100383	TP
790366993	25000155	100386	TP
790367000	25000139	102702	TP
790367002	25000135	100394	TP
790367003	25000147	100394	TP
790367004	25000133	102702	TP
790367005	25000129	100394	TP
790367006	25000115	100394	TP
790367007	25000114	100322	TP
790368978	1111111111	102515	MS
790368979	1111111111	102515	MS
790368980	1111111111	102515	MS
790368983	1111111111	102515	MS
790368984	1111111111	102515	MS
790368985	1111111111	102515	MS
790368987	25000267	100057	TP
790368988	25000298	102702	TP
790368990	25000329	102668	TP
790368991	25000304	100383	TP
790368992	25000313	102665	TP
790368994	25000307	100322	TP
790368996	0	102663	TP
790368997	0	102663	TP
790368998	25000360	102701	TP
790369000	25000254	102663	TP
790369002	25000247	100394	TP
790369003	25000303	100383	TP
790369004	25000242	102663	TP
790369005	25000232	102663	TP
790369007	25000280	100057	TP
790369010	25000302	100383	TP
790369011	25000336	100383	TP
790369012	25000342	100324	TP
790369013	25000342	100324	TP
790369014	25000353	100324	TP
790369015	25000353	100324	TP
790369016	1111111111	102515	MS
790369017	1111111111	102515	MS
790369019	1111111111	102515	MS
790369020	1111111111	102515	MS
790369021	1111111111	101963	MS
790369022	1111111111	101963	MS
790369023	1111111111	102515	MS
790370096	1111111111	102515	MS
790370097	1111111111	102515	MS
790370098	0	100323	TP
790370100	0	102666	TP
790370101	0	100695	TP
790370102	0	100057	TP
790370103	0	102663	TP
790370104	0	100698	TP
790370105	0	100698	TP
790370106	0	102663	TP
790370107	0	100698	TP
790370108	25000336	100383	TP
790370109	25000343	100383	TP
790370110	25000347	100383	TP
790370111	0	102663	TP
790370113	25000341	102701	TP
790370114	0	102663	TP
790370115	25000341	102701	TP
790370117	25000335	100324	TP
790370118	0	100795	TP
790370119	25000021	102701	TP
790370120	25000034	100795	TP
790370125	0	100795	TP
790370127	25000036	100394	TP
790370129	25000053	102702	TP
790370131	0	100698	TP
790370132	0	100698	TP
790370133	0	102703	TP
790370134	0	100698	TP
790370135	0	102703	TP
790370136	0	100060	TP
790370137	0	102666	TP
790370138	0	102666	TP
790370139	0	100698	TP
790370140	0	100795	TP
790370141	0	100057	TP
790370142	0	100795	TP
790368913	25000333	100323	TP
790368914	25000088	100394	TP
790368919	0	102663	TP
790368920	0	102663	TP
790368921	0	102663	TP
790368922	0	102663	TP
790368923	0	100695	TP
790368924	25000201	102701	TP
790368925	25000204	100795	TP
790368926	25000211	100386	TP
790368927	25000212	100386	TP
790368928	25000214	100383	TP
790368930	25000203	100383	TP
790368931	25000207	100795	TP
790368932	25000216	100383	TP
790368935	25000197	100795	TP
790368937	25000222	100383	TP
790368938	25000226	100394	TP
790368940	25000229	100394	TP
790368941	25000229	100394	TP
790368942	25000239	102663	TP
790368943	25000240	102663	TP
790368944	25000238	100394	TP
790368945	0	102663	TP
790368947	0	102663	TP
790368948	0	102663	TP
790368950	0	100694	TP
790368954	0	100060	TP
790368955	25000200	100386	TP
790368956	25000196	100795	TP
790368957	25000194	100386	TP
790368958	25000193	100795	TP
790368959	25000191	100386	TP
790368961	25000144	100393	TP
790368962	25000180	100386	TP
790368963	25000179	100386	TP
790368965	25000050	100077	TP
790368966	25000050	100077	TP
790368967	25000046	102703	TP
790368968	25000043	100394	TP
790368969	25000038	100394	TP
790368970	25000158	100394	TP
790368971	25000096	102702	TP
790368972	25000085	102668	TP
790368975	25000053	102702	TP
790370143	0	102663	TP
790370144	0	102663	TP
790370145	0	102663	TP
790370146	0	100057	TP
790370147	0	102663	TP
790370148	0	100698	TP
790370149	0	100057	TP
790370150	0	102672	TP
790370151	0	102663	TP
790370152	0	100795	TP
790370153	0	102672	TP
790370156	0	100880	TP
790370157	0	100880	TP
790370158	0	100880	TP
790370159	0	102672	TP
790370160	0	100322	TP
790370161	0	100694	TP
790370162	0	100391	TP
790370163	0	100391	TP
790370164	0	100057	TP
790370165	0	100383	TP
790370166	0	100322	TP
790370167	0	100057	TP
790370169	0	100698	TP
790370170	0	102663	TP
790370171	0	102671	TP
790370173	0	100060	TP
790370174	0	102663	TP
790370175	0	100694	TP
790370176	0	102663	TP
790370177	0	102663	TP
790370179	0	102701	TP
790371244	25001365	100327	TP
790371246	25001376	100009	MD
790371247	25001376	100009	MD
790371249	25001346	102710	TP
790371250	25001391	100060	TP
790371253	25001422	101525	EE
790365021	1111111111	102515	MS
790365022	1111111111	101963	MS
790365024	1111111111	101963	MS
790365032	25001958	102753	RT
790365033	25001958	102753	RT
790365053	25001013	101525	EE
790365054	25001013	101525	EE
790365057	25001023	101525	EE
790365058	25000976	100695	TP
790365060	25000976	100695	TP
790365061	25000976	100695	TP
790365062	25000985	101525	EE
790365064	25000985	101525	EE
790365070	25001133	100824	TP
790365071	25001144	100824	TP
790365072	25001147	100824	TP
790365073	25001119	100940	MD
790365076	25000993	101525	EE
790365077	25000989	102820	TP
790371273	25000985	101525	EE
790365081	25000985	101525	EE
790365085	25000989	102820	TP
790365093	25001140	100824	TP
790365100	25001150	100824	TP
790365101	25001150	100824	TP
790365111	25001155	100824	TP
790365132	25000917	100824	TP
790365133	25000918	100824	TP
790365135	25000919	100824	TP
790365136	25000919	100824	TP
790367151	25000828	100009	MD
790367153	25000831	100824	TP
790367155	25000824	100394	TP
790367157	25000824	100394	TP
790367158	25000904	100060	TP
790367160	25000939	101525	EE
790367164	25000927	100064	TP
790367165	25000925	100824	TP
790367168	25000826	100824	TP
790367171	25000820	100824	TP
790367175	25001082	102701	TP
790367176	25001081	100117	RT
790367177	25001082	102701	TP
790367182	25001041	101525	EE
790367183	25001017	100393	TP
790367187	25001031	101525	EE
790367188	25001032	101525	EE
790367189	25001029	100695	TP
790367192	25001026	101525	EE
790367193	25000982	100695	TP
790367195	25001034	101525	EE
790367198	25001038	101525	EE
790367202	25001142	100824	TP
790367203	25001129	100824	TP
790367204	25001127	100824	TP
790367208	25001083	100383	TP
790367209	25001085	102701	TP
790367212	25001014	101525	EE
790367216	25001015	101525	EE
790367218	25001018	101525	EE
790367219	25001021	101525	EE
790367223	25000990	101525	EE
790367224	25000992	102624	MD
790367249	25002238	101525	EE
790367276	25001319	101525	EE
790367277	25001317	100322	TP
790367279	25001306	101525	EE
790367280	25001313	101525	EE
790367281	25001311	101525	EE
790369158	25001305	101525	EE
790369159	25001294	101525	EE
790369161	1111111111	101963	MS
790369162	1111111111	102515	MS
790369163	1111111111	101963	MS
790369166	1111111111	102515	MS
790369167	1111111111	101963	MS
790369168	1111111111	101963	MS
790369169	1111111111	101963	MS
790369170	1111111111	102515	MS
790369202	25001421	102820	TP
790369208	25001432	100393	TP
790369209	25001345	101525	EE
790369210	25001326	101525	EE
790369211	25001320	100322	TP
790369236	25001077	100696	TP
790369237	25001135	100824	TP
790369238	25001075	100696	TP
790369243	25001141	100383	TP
790369244	25001117	102668	TP
790369245	25001258	101714	MD
790369246	25001258	101714	MD
790369247	25001242	101311	MD
790369248	25001242	101311	MD
790369249	25001239	101311	MD
790369250	25001239	101311	MD
790369251	25001239	101311	MD
790369252	25001239	101311	MD
790369253	25001239	101311	MD
790369254	25001239	101311	MD
790369258	25001179	101525	EE
790369260	25001206	101525	EE
790369262	25001180	101525	EE
790369264	25001183	101525	EE
790369265	25001722	100391	TP
790369266	25001658	102701	TP
790369286	25001189	100696	TP
790369288	25001190	101525	EE
790369289	25001170	102702	TP
790369290	25001178	100696	TP
790369291	25001172	101525	EE
790370632	25001202	101525	EE
790370633	25001202	101525	EE
790370637	25001765	102820	TP
790370638	25001765	102820	TP
790370639	25001765	102820	TP
790370640	25001759	102746	RT
790370642	25001580	102820	TP
790370646	25001734	100391	TP
790370657	25001626	101525	EE
790370660	25001722	100391	TP
790370661	25001756	102746	RT
790370665	25001224	102701	TP
790370666	25001224	102701	TP
790370667	25001224	102701	TP
790370668	25001224	102701	TP
790370669	25001647	102711	TP
790370679	25001574	100057	TP
790370683	25001084	100324	TP
790370686	25001617	101525	EE
790370687	25001112	100324	TP
790370690	25001626	101525	EE
790370691	25001624	101525	EE
790370692	25001482	102671	TP
790370693	25001480	102820	TP
790370694	25001481	102671	TP
790370696	25001471	100696	TP
790370701	25001450	100060	TP
790370705	25001754	102701	TP
790370711	25001803	102746	RT
790370713	25001201	100009	MD
790370714	25001209	101525	EE
790370715	25001209	101525	EE
790370716	25001237	102711	TP
790370718	25001194	101525	EE
790370719	25001194	101525	EE
790370720	25001194	101525	EE
790370721	25001194	101525	EE
790370722	25001228	100696	TP
790373985	25001912	101525	EE
790373989	25001912	101525	EE
790374077	25001907	101525	EE
790374078	25001907	101525	EE
790374087	25001907	101525	EE
790374094	25001899	101525	EE
790374101	25001475	102820	TP
790374102	25001485	102665	TP
790374104	25001485	102665	TP
790375995	25001466	100696	TP
790375999	25001506	102671	TP
790376002	25001495	100696	TP
790376010	25001495	100696	TP
790376018	25001488	102665	TP
790376038	25002036	102701	TP
790376066	25001720	100057	TP
790376070	25001509	102702	TP
790376071	25001821	100009	MD
790376074	25001806	100393	TP
790371825	25001999	101525	EE
790371827	25001774	102665	TP
790371828	25001743	102665	TP
790371834	25001710	101525	EE
790371849	25001806	100393	TP
790371854	25001501	100060	TP
790371861	25001450	100060	TP
790371862	25001450	100060	TP
790371863	25001471	100696	TP
790371866	25001466	100696	TP
790371867	25001475	102820	TP
790371868	25001498	102665	TP
790371870	25001492	102671	TP
790371871	25001492	102671	TP
790371874	25001498	102665	TP
790371900	25001453	100696	TP
790371901	25001453	100696	TP
790371902	25001451	100696	TP
790371904	25001486	102665	TP
790371905	25001472	100060	TP
790371906	25001467	100696	TP
790371907	25001460	100060	TP
790371908	25001488	102665	TP
790371911	25001480	102820	TP
790371912	25001481	102671	TP
790371913	25001509	102702	TP
790371914	25001509	102702	TP
790371915	25001509	102702	TP
790371917	25001495	100696	TP
790378024	25001924	100057	TP
790378028	25001924	100057	TP
790378033	25001932	100323	TP
790378036	25001886	101097	RT
790378038	25001878	101525	EE
790378039	25001850	100696	TP
790378040	25001850	100696	TP
790378042	25001876	101525	EE
790376097	25001834	101525	EE
790376102	25001852	101525	EE
790376109	25001856	101525	EE
790376114	25001860	101525	EE
790376116	25001863	101525	EE
790376118	25001865	101525	EE
