790363386	745500	1111111111	102555TR
790363397	749245	1111111111	102555TR
790363402	749291	1111111111	102555TR
790363408	749361	1111111111	102555TR
790363412	749389	1111111111	102555TR
790363417	749443	1111111111	102555TR
790363418	749444	1111111111	102555TR
790363420	749454	1111111111	102555TR
790363427	749533	1111111111	102555TR
790363431	749553	1111111111	102555TR
790363440	749635	1111111111	102555TR
790363445	749696	1111111111	102555TR
790363448	749723	1111111111	102555TR
790363453	749776	1111111111	102555TR
790363454	749777	1111111111	102555TR
790363455	749778	1111111111	102555TR
790363458	749813	1111111111	102555TR
790363459	749814	1111111111	102555TR
790363471	749914	1111111111	102555TR
790363490	750077	1111111111	102555TR
790363498	750157	1111111111	102555TR
790363499	750182	1111111111	102555TR
790363501	750192	1111111111	102555TR
790363505	750229	1111111111	102555TR
790363508	750248	1111111111	102555TR
790363509	750257	1111111111	102555TR
790363548	754238	1111111111	102555TR
790363555	754309	1111111111	102555TR
790363556	754310	1111111111	102555TR
790363560	754346	1111111111	102555TR
790363568	754427	1111111111	102555TR
790363576	754507	1111111111	102555TR
790363577	754508	1111111111	102555TR
790363582	754555	1111111111	102555TR
790363583	754564	1111111111	102555TR
790363584	754581	1111111111	102555TR
790363592	754638	1111111111	102555TR
790363595	754657	1111111111	102555TR
790363598	754692	1111111111	102555TR
790363600	754718	1111111111	102555TR
790363610	754808	1111111111	102555TR
790363612	754826	1111111111	102555TR
790363613	754827	1111111111	102555TR
790363614	754844	1111111111	102555TR
790363615	754846	1111111111	102555TR
790363621	754908	1111111111	102555TR
790363625	754936	1111111111	102555TR
790363627	754954	1111111111	102555TR
790363633	755017	1111111111	102555TR
790363635	755035	1111111111	102555TR
790363646	755119	1111111111	102555TR
790363647	755120	1111111111	102555TR
790363650	755155	1111111111	102555TR
790363654	755191	1111111111	102555TR
790363658	755227	1111111111	102555TR
790363661	755262	1111111111	102555TR
790363663	755280	1111111111	102555TR
790363684	759066	1111111111	102555TR
790363688	759102	1111111111	102555TR
790363690	759120	1111111111	102555TR
790363691	759129	1111111111	102555TR
790363712	759326	1111111111	102555TR
790363714	759337	1111111111	102555TR
790363722	759417	1111111111	102555TR
790363739	759554	1111111111	102555TR
790363755	759702	1111111111	102555TR
790363763	759783	1111111111	102555TR
790363773	759874	1111111111	102555TR
790363776	759893	1111111111	102555TR
790363777	759902	1111111111	102555TR
790363784	759975	1111111111	102555TR
790363786	759985	1111111111	102555TR
790363799	763829	1111111111	102555TR
790363800	763855	1111111111	102555TR
790363802	763865	1111111111	102555TR
790363808	763920	1111111111	102555TR
790363815	763983	1111111111	102555TR
790363818	764002	1111111111	102555TR
790363828	764101	1111111111	102555TR
790363834	764165	1111111111	102555TR
790363835	764174	1111111111	102555TR
790363837	764192	1111111111	102555TR
790363838	764201	1111111111	102555TR
790363843	764240	1111111111	102555TR
790363846	764276	1111111111	102555TR
790363853	764340	1111111111	102555TR
790363860	764403	1111111111	102555TR
790363861	764420	1111111111	102555TR
790363862	764422	1111111111	102555TR
790363867	764476	1111111111	102555TR
790363871	764504	1111111111	102555TR
790363879	764576	1111111111	102555TR
790363885	764633	1111111111	102555TR
790363891	764679	1111111111	102555TR
790363895	764723	1111111111	102555TR
790363896	764732	1111111111	102555TR
790363905	764816	1111111111	102555TR
790363910	764872	1111111111	102555TR
790363917	764936	1111111111	102555TR
790363918	764953	1111111111	102555TR
790363921	764964	1111111111	102555TR
790363929	765046	1111111111	102555TR
790363946	773744	1111111111	102555TR
790363960	773880	0	101770TP
790363961	773881	1111111111	102555TR
790363962	773898	1111111111	102555TR
790363963	773899	1111111111	102555TR
790363971	773964	1111111111	102555TR
790363982	774090	1111111111	102555TR
790363989	774155	1111111111	102555TR
790364004	774292	1111111111	102555TR
790364007	774312	1111111111	102555TR
790364017	774380	1111111111	102555TR
790364024	774475	1111111111	102555TR
790364029	774505	1111111111	102555TR
790364060	774791	1111111111	102555TR
790364064	774836	1111111111	102555TR
790364078	789114	1111111111	102555TR
790364081	789157	1111111111	102555TR
790364094	789274	1111111111	102555TR
790364108	789413	1111111111	102555TR
790364110	789423	1111111111	102555TR
790364111	789432	1111111111	102555TR
790364124	789543	1111111111	102555TR
790364139	789688	1111111111	102555TR
790364150	789795	1111111111	102555TR
790364522	805803	0025001546	100323TP
790364523	805812	0025001546	100323TP
790364525	805830	0025001581	101525EE
790364526	805839	0025001584	101525EE
790364527	805848	0025001554	101525EE
790364528	805857	0025001556	102710TP
790364529	805858	0025001580	102820TP
790364534	805903	0025001647	102711TP
790364535	805912	0025001574	100057TP
790364536	805929	0025001521	101525EE
790364539	805948	0025001538	101525EE
790364540	805957	0025001521	101525EE
790364541	805974	0025001525	100323TP
790364543	805984	0025000898	100824TP
790364545	806002	0025000835	100824TP
790364546	806011	0025000835	100824TP
790364548	806037	0025000842	100824TP
790364549	806046	0025000843	100824TP
790364550	806055	0025000849	100060TP
790364551	806064	0025000845	102702TP
790364552	806073	0025000877	100824TP
790364553	806074	0025000877	100824TP
790364555	806100	0025000991	101525EE
790364556	806101	0025000991	101525EE
790364557	806110	0025000888	100324TP
790364558	806119	0025000881	100695TP
790364559	806136	0025000983	102665TP
790364560	806145	0025000983	102665TP
790364561	806146	0025000972	100057TP
790364562	806163	0025001671	102617MD
790364563	806172	0025001671	102617MD
790364564	806181	0025001516	100394TP
790364565	806190	0025001563	101525EE
790364568	806200	0025001646	101525EE
790364569	806209	0025001649	101097RT
790364570	806218	0025001650	101097RT
790364571	806235	0025001654	102753RT
790364587	806379	0025001927	101525EE
790364592	806424	0025001906	101525EE
790364602	810179	0025000042	100394TP
790364603	810180	0025000039	100394TP
790364604	810197	0025000136	100695TP
790364605	810206	0025000090	100057TP
790364606	810215	0025000083	100394TP
790364609	810242	0025000171	100386TP
790364612	810269	0025000178	100386TP
790364613	810278	0025000153	100695TP
790364614	810287	0	102663TP
790364615	810296	0	102663TP
790364616	810306	0	102663TP
790364617	810315	0	102663TP
790364620	810343	0	102663TP
790364623	810370	0	102663TP
790364627	810406	0025000327	102701TP
790364628	810423	0025000342	100324TP
790364629	810424	0025000274	102668TP
790364630	810433	0025000335	100324TP
790364631	810442	0025000336	100383TP
790364632	810452	0025000343	100383TP
790364633	810461	0025000344	100324TP
790364634	810462	0025000407	100694TP
790364635	810488	0025000216	100383TP
790364637	810507	0025000408	102701TP
790364638	810516	0025000413	102701TP
790364639	810525	0025000203	100383TP
790364640	810534	0025000207	100795TP
790364641	810535	0025000214	100383TP
790364644	810579	0025000947	100383TP
790364646	810598	0025000940	100060TP
790364647	810599	0025000940	100060TP
790364648	810608	0025000945	100383TP
790364650	810627	0025000934	101525EE
790364651	810636	0025000934	101525EE
790364652	810645	0025000929	100324TP
790364653	810662	0025000929	100324TP
790364654	810664	0025000403	100324TP
790364657	810691	0025000375	100383TP
790364658	810700	0025000423	102703TP
790364659	810709	0025000367	100393TP
790364660	810718	0025000390	100057TP
790364661	810727	0025000374	100057TP
790364662	810736	0025000418	100323TP
790364663	810745	0025000417	102701TP
790364664	810754	0025000096	102702TP
790364665	810755	0025000139	102702TP
790364666	810781	0025000144	100393TP
790364667	810782	0025000193	100795TP
790364668	810791	0025000196	100795TP
790364670	932377	0025000135	100394TP
790364671	810818	0025000191	100386TP
790364672	810836	0025000194	100386TP
790364674	810846	0025000234	102663TP
790364675	810871	0025000237	102663TP
790364676	810880	0025000241	102663TP
790364677	810881	0025000246	102663TP
790364678	810882	0025000247	100394TP
790364680	810908	0025000249	102663TP
790364681	810926	0025000245	102663TP
790364682	810927	0025000242	102663TP
790364683	810928	0025000232	102663TP
790364684	810937	0025000450	100060TP
790364685	810947	0025000450	100060TP
790364686	810964	0025000450	100060TP
790364689	810967	0025000531	102703TP
790364690	810968	0025000444	100383TP
790364692	810970	0025000438	100694TP
790364693	810971	0025000438	100694TP
790364694	810979	0025000106	100394TP
790364696	811071	0025000077	102702TP
790364697	811088	0025000202	100386TP
790364699	811105	0025000106	100394TP
790364702	811134	0025000192	100386TP
790364705	811161	0025000280	100057TP
790364706	811170	0025000225	102665TP
790364707	811197	0025000277	100394TP
790364708	811198	0025000277	100394TP
790364711	811225	0025000300	100322TP
790364712	811242	0025000302	100383TP
790364714	811268	0025000114	100322TP
790364715	811270	0025000113	100383TP
790364719	811315	0	102663TP
790364720	811324	0025000115	100394TP
790364724	811353	0025000107	100394TP
790364725	811369	0025000360	102701TP
790364730	811415	0025000356	100383TP
790364731	811424	0	100795TP
790364732	811433	0	100795TP
790364734	811459	0	102663TP
790364735	811460	0	102663TP
790364736	815281	0025000931	100057TP
790364737	815298	0025000931	100057TP
790364738	815299	0025000952	101884MD
790364739	815308	0025000967	100386TP
790364740	815325	0025000605	102702TP
790364741	815334	0025000605	102702TP
790364743	815337	0025000609	100323TP
790364744	815346	0025000609	100323TP
790364745	815356	0025000643	100393TP
790364747	815374	0025000714	100383TP
790364748	815383	0025000742	100394TP
790364751	815403	0025000764	100057TP
790364753	815437	0025000603	100696TP
790364755	815455	0025001887	101311MD
790364760	815485	0025001933	102746RT
790364762	815520	0025001919	101525EE
790364767	815557	0025001004	101525EE
790364768	815566	0025000994	101525EE
790364769	815576	0025000972	100057TP
790364771	815586	0025000975	100605MD
790364775	815622	0025000921	100824TP
790364776	815631	0025000921	100824TP
790364778	815649	0025000921	100824TP
790364779	815658	0025000920	101525EE
790364780	815668	0025000524	100323TP
790364781	815670	0025000472	100077TP
790364782	815688	0025000461	100383TP
790364783	815689	0025000518	100323TP
790364784	815690	0025000468	100322TP
790364785	815715	0025000467	100322TP
790364786	815716	0025000518	100323TP
790364787	815733	0025000467	100322TP
790364788	815742	0025000502	100324TP
790364789	815743	0025000470	100695TP
790364793	815787	0025000493	102703TP
790364795	815790	0025000493	102703TP
790364797	815825	0025000854	100393TP
790364798	815826	0025000502	100324TP
790364799	815843	0025000778	100695TP
790364800	815844	0025000492	102701TP
790364803	815871	0025000472	100077TP
790364804	815872	0025000730	100963BI
790364806	815899	0025000734	100963BI
790364810	815937	0025000872	100824TP
790364812	815970	0025000840	100824TP
790364813	815987	0025000840	100824TP
790364815	815989	0025000844	100824TP
790364816	816014	0025000840	100824TP
790364819	816026	0025000839	100824TP
790364820	816035	0025000775	102703TP
790364821	816036	0025000841	100824TP
790364822	816053	0025000771	102703TP
790364825	816080	0025000699	100696TP
790364826	816081	0025000840	100824TP
790364829	816117	0025000703	102702TP
790364830	816134	0025000703	102702TP
790364831	816135	0025001534	100696TP
790364834	816155	0025000661	100696TP
790364835	816156	0025000676	100394TP
790364839	816204	0025000638	100696TP
790364841	816222	0025000629	100696TP
790364842	816232	0025000627	102701TP
790364844	816257	0025000615	100696TP
790364845	816259	0025001536	101525EE
790364846	816260	0025000648	102701TP
790364848	816304	0025001532	101525EE
790364849	816321	0025001521	101525EE
790364850	816346	0025000810	100824TP
790364853	816383	0025000813	100824TP
790364854	816401	0025000808	101525EE
790364856	816423	0025000790	100391TP
790364862	816465	0025000536	100695TP
790364864	816491	0025000536	100695TP
790364866	816496	0025000474	102703TP
790364867	816497	0025000873	100824TP
790364868	816539	0025000837	100824TP
790365021	846359	1111111111	102515MS
790365022	846372	1111111111	101963MS
790365024	846382	1111111111	101963MS
790365032	846491	0025001958	102753RT
790365033	846493	0025001958	102753RT
790365053	846705	0025001013	101525EE
790365054	846716	0025001013	101525EE
790365057	846746	0025001023	101525EE
790365058	846758	0025000976	100695TP
790365060	846768	0025000976	100695TP
790365061	846778	0025000976	100695TP
790365062	846780	0025000985	101525EE
790365064	846790	0025000985	101525EE
790365070	846864	0025001133	100824TP
790365071	846886	0025001144	100824TP
790365072	846889	0025001147	100824TP
790365073	846899	0025001119	100940MD
790365076	846949	0025000993	101525EE
790365077	846950	0025000989	102820TP
790365081	847558	0025000985	101525EE
790365085	847568	0025000989	102820TP
790365093	847643	0025001140	100824TP
790365100	847662	0025001150	100824TP
790365101	847676	0025001150	100824TP
790365111	847760	0025001155	100824TP
790365132	847873	0025000917	100824TP
790365133	847883	0025000918	100824TP
790365135	847893	0025000919	100824TP
790365136	847904	0025000919	100824TP
790365356	871299	0025001701	101525EE
790365396	871649	0025001711	101525EE
790365397	871659	0025001765	102820TP
790365400	871689	0025001719	100057TP
790365401	871690	0025001719	100057TP
790365412	745628	1111111111	102555TR
790365415	745656	1111111111	102555TR
790365434	745813	1111111111	102555TR
790365440	745894	1111111111	102555TR
790365442	745912	1111111111	102555TR
790365445	745939	1111111111	102555TR
790365455	746023	1111111111	102555TR
790365459	746059	1111111111	102555TR
790365467	746145	1111111111	102555TR
790365470	746172	1111111111	102555TR
790365488	746345	1111111111	102555TR
790365492	746381	1111111111	102555TR
790365497	746418	1111111111	102555TR
790365499	746436	1111111111	102555TR
790365501	746439	1111111111	102555TR
790365507	746446	1111111111	102555TR
790365512	746573	1111111111	102555TR
790365519	746628	1111111111	102555TR
790365534	746757	1111111111	102555TR
790365535	746790	1111111111	102555TR
790365544	750475	1111111111	102555TR
790365548	750519	1111111111	102555TR
790365549	750536	1111111111	102555TR
790365552	750555	1111111111	102555TR
790365559	750610	1111111111	102555TR
790365562	750638	1111111111	102555TR
790365567	750666	1111111111	102555TR
790365577	750764	1111111111	102555TR
790365589	750866	1111111111	102555TR
790365593	750900	1111111111	102555TR
790365605	751035	1111111111	102555TR
790365625	751208	1111111111	102555TR
790365629	751244	1111111111	102555TR
790365631	751262	1111111111	102555TR
790365642	751378	1111111111	102555TR
790365648	751424	1111111111	102555TR
790365664	751555	1111111111	102555TR
790365679	755325	1111111111	102555TR
790365680	755326	1111111111	102555TR
790365683	755362	1111111111	102555TR
790365688	755415	1111111111	102555TR
790365689	755424	1111111111	102555TR
790365691	755427	1111111111	102555TR
790365701	755526	1111111111	102555TR
790365703	755544	1111111111	102555TR
790365704	755545	1111111111	102555TR
790365706	755571	1111111111	102555TR
790365720	755722	1111111111	102555TR
790365729	755795	1111111111	102555TR
790365731	755814	1111111111	102555TR
790365738	755870	1111111111	102555TR
790365743	755924	1111111111	102555TR
790365745	755942	1111111111	102555TR
790365746	755951	1111111111	102555TR
790365749	755970	1111111111	102555TR
790365752	755997	1111111111	102555TR
790365753	755998	1111111111	102555TR
790365754	756007	1111111111	102555TR
790365755	756032	1111111111	102555TR
790365756	756033	1111111111	102555TR
790365759	756061	1111111111	102555TR
790365770	756144	1111111111	102555TR
790365774	756204	1111111111	102555TR
790365779	756233	1111111111	102555TR
790365792	756336	1111111111	102555TR
790365799	756407	1111111111	102555TR
790365837	760347	1111111111	102555TR
790365841	760399	1111111111	102555TR
790365843	760401	1111111111	102555TR
790365847	760447	1111111111	102555TR
790365867	760647	1111111111	102555TR
790365871	760675	1111111111	102555TR
790365872	760700	1111111111	102555TR
790365881	760790	1111111111	102555TR
790365891	760882	1111111111	102555TR
790365897	760920	1111111111	102555TR
790365900	760955	1111111111	102555TR
790365906	761003	1111111111	102555TR
790365913	761062	1111111111	102555TR
790365926	761197	1111111111	102555TR
790365928	761223	1111111111	102555TR
790365929	761232	1111111111	102555TR
790365932	761243	1111111111	102555TR
790365933	761260	1111111111	102555TR
790365937	761290	1111111111	102555TR
790365942	765073	1111111111	102555TR
790365945	765100	1111111111	102555TR
790365950	765147	1111111111	102555TR
790365951	765156	1111111111	102555TR
790365970	765332	1111111111	102555TR
790365972	765350	1111111111	102555TR
790365997	765612	1111111111	102555TR
790366001	765632	1111111111	102555TR
790366004	765667	1111111111	102555TR
790366014	765776	1111111111	102555TR
790366050	766100	1111111111	102555TR
790366058	766172	1111111111	102555TR
790366060	766198	1111111111	102555TR
790366085	774937	1111111111	102555TR
790366097	775055	1111111111	102555TR
790366115	775220	1111111111	102555TR
790366124	775312	1111111111	102555TR
790366143	775502	1111111111	102555TR
790366160	775636	1111111111	102555TR
790366171	775749	1111111111	102555TR
790366186	775898	1111111111	102555TR
790366187	775907	1111111111	102555TR
790366197	776006	1111111111	102555TR
790366199	776017	1111111111	102555TR
790366222	790360	1111111111	102555TR
790366223	790361	1111111111	102555TR
790366239	790505	1111111111	102555TR
790366249	790595	1111111111	102555TR
790366257	790683	1111111111	102555TR
790366487	801484	1111111111	102912BE
790366488	801493	1111111111	102912BE
790366489	801505	1111111111	102912BE
790366560	802171	1111111111	102912BE
790366564	802199	1111111111	102912BE
790366567	802242	1111111111	102912BE
790366572	802279	1111111111	102912BE
790366623	806613	0025001734	100391TP
790366624	806622	0025001720	100057TP
790366626	806640	0025001722	100391TP
790366630	806668	0025001693	101525EE
790366632	806678	0025001734	100391TP
790366633	806703	0025001850	100696TP
790366634	806704	0025001686	101525EE
790366635	806721	0025001850	100696TP
790366637	806730	0025001740	100060TP
790366642	806767	0025001740	100060TP
790366655	806884	0025001821	100009MD
790366659	806928	0025001687	102665TP
790366695	807162	1111111111	101963MS
790366696	807171	1111111111	102515MS
790366697	807172	1111111111	101963MS
790366747	811486	0025000353	100324TP
790366748	811487	0025000029	100695TP
790366749	811496	0025000031	100795TP
790366750	811505	0025000358	100383TP
790366752	811523	0025000024	100695TP
790366753	811548	0025000353	100324TP
790366755	811558	0025000541	100383TP
790366756	811559	0025000516	100695TP
790366757	811576	0025000426	102662TP
790366758	811593	0025000550	100322TP
790366759	811594	0025000422	100324TP
790366761	811615	0025000479	102703TP
790366763	811633	0025000555	100322TP
790366764	811634	0025000474	102703TP
790366765	811643	0025000554	100322TP
790366767	811677	0025000469	100322TP
790366768	811686	0025000362	100394TP
790366769	811703	0	102663TP
790366770	811704	0025000429	102703TP
790366771	811705	0	100795TP
790366772	811730	0025000547	100393TP
790366774	811748	0025000547	100393TP
790366775	811757	0	102672TP
790366777	811776	0025000538	100695TP
790366778	811777	0	102663TP
790366780	811788	0	102663TP
790366781	811821	0	100698TP
790366782	811822	0	102703TP
790366783	811823	0025000490	102703TP
790366784	811833	0	102703TP
790366785	811850	0	100057TP
790366786	811851	0025000457	100324TP
790366793	811898	0025000448	100394TP
790366796	811925	0025000425	102701TP
790366800	811963	0025000529	100323TP
790366802	811973	0025000264	100394TP
790366803	812006	0025000260	102663TP
790366804	812007	0025000520	100323TP
790366805	812008	0025000259	102663TP
790366806	812025	0025000257	102663TP
790366807	812026	0025000489	100324TP
790366808	812027	0025000254	102663TP
790366809	812044	0025000255	100394TP
790366810	812045	0025000469	100322TP
790366811	812054	0025000264	100394TP
790366813	812080	0025000489	100324TP
790366815	812098	0025000303	100383TP
790366816	812115	0025000342	100324TP
790366817	812116	0025000424	102703TP
790366818	812151	0025000519	100323TP
790366819	812152	0025000340	100383TP
790366824	812174	0025000341	102701TP
790366825	812191	0025000341	102701TP
790366826	812192	0025000521	100323TP
790366830	812240	0025000347	100383TP
790366831	812261	0025000500	102701TP
790366832	812262	0025000346	100324TP
790366836	812298	0025000436	100060TP
790366837	812323	0025000319	102665TP
790366838	812324	0025000529	100323TP
790366843	812378	0025000308	102701TP
790366845	812388	0	102663TP
790366846	812423	0025000301	102702TP
790366847	812424	0	102663TP
790366848	812425	0025000310	102665TP
790366849	812442	0025001145	100824TP
790366851	812468	0	100698TP
790366852	812494	0	100795TP
790366853	812495	0	102663TP
790366854	812504	0	100698TP
790366855	812513	0	100698TP
790366856	812522	0	100698TP
790366857	812540	1111111111	101963MS
790366858	812549	1111111111	102515MS
790366859	812558	1111111111	101963MS
790366860	812567	1111111111	102515MS
790366861	812568	1111111111	101963MS
790366863	812594	1111111111	102515MS
790366864	812595	1111111111	101963MS
790366865	812605	0025001130	100695TP
790366866	812614	1111111111	102515MS
790366868	812616	1111111111	102515MS
790366869	812617	0025001083	100383TP
790366870	812643	0025001085	102701TP
790366871	812668	0025001104	100696TP
790366872	812669	0025001131	100824TP
790366873	812670	0025001134	100824TP
790366874	812686	0025001137	100824TP
790366875	812687	0025001104	100696TP
790366877	812713	0025001153	100824TP
790366878	812714	0025001104	100696TP
790366880	816549	0025000521	100323TP
790366881	816550	0025000818	100824TP
790366882	816576	0025000806	100393TP
790366884	816605	0025000423	102703TP
790366885	816606	0025000423	102703TP
790366886	816615	0025000418	100323TP
790366887	816633	0025000426	102662TP
790366889	816644	0025000541	100383TP
790366890	816645	0025000375	100383TP
790366892	816671	0025000550	100322TP
790366893	816680	0025000435	100394TP
790366895	816692	0025000374	100057TP
790366898	816713	0025000538	100695TP
790366899	955759	0025000563	102701TP
790366901	816749	0025000557	100322TP
790366908	816804	0025000568	102701TP
790366910	816839	0025000585	100393TP
790366912	816842	0025000583	100383TP
790366916	816879	0025000562	100323TP
790366917	816889	0025000854	100393TP
790366919	816915	0025000854	100393TP
790366920	816916	0025000847	100824TP
790366922	816927	0025000846	101525EE
790366924	816954	0025000777	102624MD
790366926	816972	0025000854	100393TP
790366927	816973	0025000854	100393TP
790366930	817016	0025000589	100323TP
790366934	817052	0025000848	100824TP
790366938	817058	0025000556	100323TP
790366939	817077	0025000551	100393TP
790366941	817096	0025000566	100695TP
790366943	817106	0025000565	102701TP
790366945	817166	0025000107	100394TP
790366948	817193	0025000113	100383TP
790366949	817211	0025000108	100394TP
790366951	817238	0025000107	100394TP
790366952	817247	0025000112	100694TP
790366953	817248	0025000848	100824TP
790366954	817266	0025000101	100394TP
790366955	817276	0025000804	100824TP
790366958	817296	0025000095	100393TP
790366959	817321	0025000098	100394TP
790366962	817350	0025000441	100383TP
790366963	817352	0025000439	100394TP
790366964	817361	0025000438	100694TP
790366965	817362	0025000398	100324TP
790366966	817371	0025000438	100694TP
790366967	817372	0025000376	100383TP
790366968	817373	0025000330	100057TP
790366970	817423	0025000590	102701TP
790366972	817425	0025000427	100324TP
790366973	817426	0025000456	100383TP
790366974	817452	0025000407	100694TP
790366976	817471	0025000408	102701TP
790366977	817472	0025000391	100057TP
790366978	817474	0025000413	102701TP
790366979	817499	0025000391	100057TP
790366981	817519	0025000416	100323TP
790366982	817520	0025000396	100323TP
790366983	817521	0025000391	100057TP
790366984	817538	0025000440	100383TP
790366989	817592	0025000395	100324TP
790366990	817611	0025000382	100324TP
790366991	817613	0025000378	100383TP
790366992	817622	0025000377	102668TP
790366993	817623	0025000155	100386TP
790366997	817644	0025000363	102665TP
790367000	817673	0025000139	102702TP
790367001	817674	0025000547	100393TP
790367002	817699	0025000135	100394TP
790367003	817740	0025000147	100394TP
790367004	817750	0025000133	102702TP
790367005	817759	0025000129	100394TP
790367006	817768	0025000115	100394TP
790367007	817785	0025000114	100322TP
790367009	817816	0	100694TP
790367010	817826	0	100060TP
790367011	817835	0	100694TP
790367012	817844	0	100060TP
790367151	847926	0025000828	100009MD
790367153	847945	0025000831	100824TP
790367155	847947	0025000824	100394TP
790367157	847958	0025000824	100394TP
790367158	847978	0025000904	100060TP
790367160	847980	0025000939	101525EE
790367164	848019	0025000927	100064TP
790367165	848038	0025000925	100824TP
790367168	848040	0025000826	100824TP
790367171	848084	0025000820	100824TP
790367175	848125	0025001082	102701TP
790367176	848136	0025001081	100117RT
790367177	848155	0025001082	102701TP
790367182	848187	0025001041	101525EE
790367183	848270	0025001017	100393TP
790367187	848281	0025001031	101525EE
790367188	848291	0025001032	101525EE
790367189	848301	0025001029	100695TP
790367192	848358	0025001026	101525EE
790367193	848368	0025000982	100695TP
790367195	848378	0025001034	101525EE
790367198	848379	0025001038	101525EE
790367202	848441	0025001142	100824TP
790367203	848451	0025001129	100824TP
790367204	848453	0025001127	100824TP
790367208	848492	0025001083	100383TP
790367209	848503	0025001085	102701TP
790367212	848527	0025001014	101525EE
790367216	848528	0025001015	101525EE
790367218	848558	0025001018	101525EE
790367219	848569	0025001021	101525EE
790367223	848611	0025000990	101525EE
790367224	848613	0025000992	102624MD
790367276	849127	0025001319	101525EE
790367277	849128	0025001317	100322TP
790367279	849163	0025001306	101525EE
790367280	849174	0025001313	101525EE
790367281	849185	0025001311	101525EE
790367421	746857	1111111111	102555TR
790367422	746858	1111111111	102555TR
790367433	746966	1111111111	102555TR
790367446	747092	1111111111	102555TR
790367450	747121	1111111111	102555TR
790367451	747130	1111111111	102555TR
790367454	747165	1111111111	102555TR
790367467	747259	1111111111	102555TR
790367468	747277	1111111111	102555TR
790367470	747303	1111111111	102555TR
790367471	747320	1111111111	102555TR
790367476	747350	1111111111	102555TR
790367481	747412	1111111111	102555TR
790367494	747514	1111111111	102555TR
790367497	747549	1111111111	102555TR
790367498	747550	1111111111	102555TR
790367506	747630	1111111111	102555TR
790367515	747713	1111111111	102555TR
790367532	747877	1111111111	102555TR
790367534	747895	1111111111	102555TR
790367545	747996	1111111111	102555TR
790367546	748005	1111111111	102555TR
790367547	748022	1111111111	102555TR
790367549	748024	1111111111	102555TR
790367577	751891	1111111111	102555TR
790367602	752130	1111111111	102555TR
790367605	752148	1111111111	102555TR
790367620	752283	1111111111	102555TR
790367622	752285	1111111111	102555TR
790367626	752322	1111111111	102555TR
790367635	752403	1111111111	102555TR
790367639	752448	1111111111	102555TR
790367640	752457	1111111111	102555TR
790367641	752458	1111111111	102555TR
790367649	752523	1111111111	102555TR
790367651	752557	1111111111	102555TR
790367653	752575	1111111111	102555TR
790367655	752576	1111111111	102555TR
790367660	752613	1111111111	102555TR
790367664	752649	1111111111	102555TR
790367682	752829	1111111111	102555TR
790367690	756542	1111111111	102555TR
790367806	757574	1111111111	102555TR
790367841	761561	1111111111	102555TR
790367845	761590	1111111111	102555TR
790367853	761666	1111111111	102555TR
790367865	761793	1111111111	102555TR
790367880	761930	1111111111	102555TR
790367885	761976	1111111111	102555TR
790367890	762023	1111111111	102555TR
790367901	762124	1111111111	102555TR
790367905	762160	1111111111	102555TR
790367907	762170	1111111111	102555TR
790367909	762204	1111111111	102555TR
790367911	762215	1111111111	102555TR
790367915	762235	1111111111	102555TR
790367917	762253	1111111111	102555TR
790367932	762423	1111111111	102555TR
790367935	762446	1111111111	102555TR
790367937	762464	1111111111	102555TR
790367939	762491	1111111111	102555TR
790367940	762500	1111111111	102555TR
790367944	762528	1111111111	102555TR
790367948	762580	1111111111	102555TR
790367955	766373	1111111111	102555TR
790367978	766591	1111111111	102555TR
790367986	766665	1111111111	102555TR
790368090	776193	1111111111	102555TR
790368095	776232	1111111111	102555TR
790368100	776278	1111111111	102555TR
790368120	776478	1111111111	102555TR
790368133	776592	1111111111	102555TR
790368136	776631	1111111111	102555TR
790368148	776736	1111111111	102555TR
790368162	783016	0	100322TP
790368171	787422	1111111111	102555TR
790368188	787512	1111111111	102555TR
790368360	797825	1111111111	102555TR
790368361	797834	1111111111	102555TR
790368422	798348	1111111111	102555TR
790368430	798428	1111111111	102555TR
790368466	798736	1111111111	102555TR
790368476	798850	1111111111	102555TR
790368480	798886	1111111111	102555TR
790368650	807910	0025001523	100696TP
790368654	807938	0025001513	100696TP
790368665	808048	0025001891	101525EE
790368669	808084	0025001855	101525EE
790368670	808101	0025001754	102701TP
790368672	808111	0025001932	100323TP
790368674	808129	0025001924	100057TP
790368675	808138	0025001577	101525EE
790368676	808147	0025001754	102701TP
790368678	808165	0025001924	100057TP
790368700	808371	0025001999	101525EE
790368701	808372	0025001999	101525EE
790368721	808552	0025001313	101525EE
790368722	808553	0025001326	101525EE
790368723	808570	0025001345	101525EE
790368724	808579	0025001365	100327TP
790368725	808580	0025001417	102701TP
790368726	808589	0025001420	102820TP
790368728	808615	0025001421	102820TP
790368730	808641	0025001310	102703TP
790368731	808650	0025001310	102703TP
790368732	808651	0025001310	102703TP
790368736	808687	0025001304	101525EE
790368737	808696	0025001304	101525EE
790368738	808705	0025001304	101525EE
790368739	808714	0025001304	101525EE
790368740	808731	0025001302	101525EE
790368745	808768	0025001307	101525EE
790368752	808831	0025001344	101525EE
790368753	808840	0025001329	101525EE
790368754	808849	0025001329	101525EE
790368755	808850	0025001371	102665TP
790368756	812741	0025001156	100824TP
790368758	812767	0025001156	100824TP
790368761	812794	0025001141	100383TP
790368763	812804	0025001126	100824TP
790368767	812823	0025001131	100824TP
790368768	812832	1111111111	101963MS
790368769	812857	0025001131	100824TP
790368772	812876	0025001131	100824TP
790368774	812902	0025000790	100391TP
790368776	812920	0025000806	100393TP
790368779	812947	0025000771	102703TP
790368780	812949	0025001117	102668TP
790368781	812950	0025000703	102702TP
790368786	812995	0025001125	100824TP
790368787	812996	0025000742	100394TP
790368788	813021	0025000819	100824TP
790368792	813048	0025001087	100605MD
790368794	813090	0025000968	102703TP
790368795	813099	0025000973	102703TP
790368796	813100	0025001079	100696TP
790368797	813101	0025000762	102711TP
790368801	813145	0025000811	102702TP
790368804	813173	0025001178	100696TP
790368805	813182	0025001188	101525EE
790368809	813221	0025001172	101525EE
790368811	813239	0025001190	101525EE
790368812	813240	0025001193	101525EE
790368814	813266	0025001186	101525EE
790368816	813277	0025001186	101525EE
790368817	813286	0025001571	101525EE
790368821	813306	0025001510	102702TP
790368825	813350	0025001510	102702TP
790368827	813360	0025001510	102702TP
790368830	813404	0025001432	100393TP
790368831	813414	0025001421	102820TP
790368833	813416	0025000735	100963BI
790368834	813441	0025000732	100963BI
790368835	813458	0025000727	100229BE
790368837	813467	0025000727	100229BE
790368841	813479	0025000746	100605MD
790368842	813496	0025000746	100605MD
790368843	813521	0025000746	100605MD
790368844	813530	0025001058	100605MD
790368846	813532	0025000737	100963BI
790368848	813550	0025001184	100391TP
790368850	813584	0025001020	100057TP
790368851	813601	0025001020	100057TP
790368854	813621	0025001020	100057TP
790368855	813622	0025001207	101525EE
790368856	813631	0025001195	101525EE
790368857	813648	0025001196	101525EE
790368858	813649	0025001071	100057TP
790368859	813666	0025001036	100383TP
790368860	813675	0025001198	101525EE
790368861	813676	0025001198	101525EE
790368862	813677	0025001036	100383TP
790368864	813694	0025001198	101525EE
790368865	813711	0025001020	100057TP
790368869	813755	0025001075	100696TP
790368875	813799	0025001135	100824TP
790368877	813814	0025001135	100824TP
790368882	813867	0025001112	100324TP
790368883	813884	0	100060TP
790368884	813893	0025001077	100696TP
790368889	813930	0	102663TP
790368890	817847	0	100060TP
790368891	817865	0	100060TP
790368892	817867	0	100694TP
790368893	817885	0	100694TP
790368894	817902	0025000243	102663TP
790368895	817912	0025000252	102663TP
790368896	817922	0025000092	100057TP
790368897	817931	0025000092	100057TP
790368898	817932	0025000275	100695TP
790368899	817949	0025000226	100394TP
790368902	817970	0025000266	100394TP
790368903	817988	0025000273	102663TP
790368904	818007	0025000334	102668TP
790368905	818008	0025000334	102668TP
790368906	818017	0025000417	102701TP
790368907	818026	0025000417	102701TP
790368908	818040	0025000439	100394TP
790368910	818050	0025000458	100383TP
790368913	818100	0025000333	100323TP
790368914	818111	0025000088	100394TP
790368919	818153	0	102663TP
790368920	818163	0	102663TP
790368921	818173	0	102663TP
790368922	818183	0	102663TP
790368923	818192	0	100695TP
790368924	818202	0025000201	102701TP
790368925	818219	0025000204	100795TP
790368926	818221	0025000211	100386TP
790368927	818232	0025000212	100386TP
790368928	818233	0025000214	100383TP
790368930	818252	0025000203	100383TP
790368931	818261	0025000207	100795TP
790368932	818279	0025000216	100383TP
790368935	818310	0025000197	100795TP
790368937	818331	0025000222	100383TP
790368938	818340	0025000226	100394TP
790368940	818361	0025000229	100394TP
790368941	818370	0025000229	100394TP
790368942	818381	0025000239	102663TP
790368943	818392	0025000240	102663TP
790368944	818401	0025000238	100394TP
790368945	818410	0	102663TP
790368947	818428	0	102663TP
790368948	818431	0	102663TP
790368950	818459	0	100694TP
790368954	818494	0	100060TP
790368955	818511	0025000200	100386TP
790368956	818512	0025000196	100795TP
790368957	818531	0025000194	100386TP
790368958	818533	0025000193	100795TP
790368959	818550	0025000191	100386TP
790368961	818568	0025000144	100393TP
790368962	916016	0025000180	100386TP
790368963	818588	0025000179	100386TP
790368965	818610	0025000050	100077TP
790368966	818620	0025000050	100077TP
790368967	932408	0025000046	102703TP
790368968	818641	0025000043	100394TP
790368969	818650	0025000038	100394TP
790368970	818659	0025000158	100394TP
790368971	818660	0025000096	102702TP
790368972	818687	0025000085	102668TP
790368975	818700	0025000053	102702TP
790368978	818745	1111111111	102515MS
790368979	818754	1111111111	102515MS
790368980	818763	1111111111	102515MS
790368983	818790	1111111111	102515MS
790368984	818799	1111111111	102515MS
790368985	818808	1111111111	102515MS
790368987	818826	0025000267	100057TP
790368988	818835	0025000298	102702TP
790368990	818853	0025000329	102668TP
790368991	818862	0025000304	100383TP
790368992	818863	0025000313	102665TP
790368994	818889	0025000307	100322TP
790368996	818907	0	102663TP
790368997	818916	0	102663TP
790368998	818917	0025000360	102701TP
790369000	818935	0025000254	102663TP
790369002	818961	0025000247	100394TP
790369003	818962	0025000303	100383TP
790369004	818979	0025000242	102663TP
790369005	818980	0025000232	102663TP
790369007	819006	0025000280	100057TP
790369010	819035	0025000302	100383TP
790369011	819036	0025000336	100383TP
790369012	819053	0025000342	100324TP
790369013	819055	0025000342	100324TP
790369014	819073	0025000353	100324TP
790369015	819083	0025000353	100324TP
790369016	819092	1111111111	102515MS
790369017	819093	1111111111	102515MS
790369019	819111	1111111111	102515MS
790369020	819121	1111111111	102515MS
790369021	819130	1111111111	101963MS
790369022	819147	1111111111	101963MS
790369023	819149	1111111111	102515MS
790369158	849195	0025001305	101525EE
790369159	849205	0025001294	101525EE
790369161	849226	1111111111	101963MS
790369162	849236	1111111111	102515MS
790369163	849246	1111111111	101963MS
790369166	849277	1111111111	102515MS
790369167	849287	1111111111	101963MS
790369168	849298	1111111111	101963MS
790369169	849310	1111111111	101963MS
790369170	849320	1111111111	102515MS
790369202	849672	0025001421	102820TP
790369208	849724	0025001432	100393TP
790369209	849734	0025001345	101525EE
790369210	849744	0025001326	101525EE
790369211	849754	0025001320	100322TP
790369236	850027	0025001077	100696TP
790369237	850037	0025001135	100824TP
790369238	850056	0025001075	100696TP
790369243	850081	0025001141	100383TP
790369244	850092	0025001117	102668TP
790369245	850111	0025001258	101714MD
790369246	850112	0025001258	101714MD
790369247	850122	0025001242	101311MD
790369248	850141	0025001242	101311MD
790369249	850151	0025001239	101311MD
790369250	850162	0025001239	101311MD
790369251	850172	0025001239	101311MD
790369252	850183	0025001239	101311MD
790369253	850193	0025001239	101311MD
790369254	850203	0025001239	101311MD
790369258	850244	0025001179	101525EE
790369260	850265	0025001206	101525EE
790369262	850277	0025001180	101525EE
790369264	850307	0025001183	101525EE
790369265	850317	0025001722	100391TP
790369266	850318	0025001658	102701TP
790369286	850528	0025001189	100696TP
790369288	850538	0025001190	101525EE
790369289	850549	0025001170	102702TP
790369290	850559	0025001178	100696TP
790369291	850570	0025001172	101525EE
790369445	787179	1111111111	102555TR
790369519	787368	1111111111	102555TR
790369561	748043	1111111111	102555TR
790369572	748150	1111111111	102555TR
790369590	748296	1111111111	102555TR
790369591	748313	1111111111	102555TR
790369592	748314	1111111111	102555TR
790369600	748395	1111111111	102555TR
790369612	748495	1111111111	102555TR
790369642	748774	1111111111	102555TR
790369644	748784	1111111111	102555TR
790369650	748831	1111111111	102555TR
790369675	749064	1111111111	102555TR
790369684	749154	1111111111	102555TR
790369689	749183	1111111111	102555TR
790369709	753000	1111111111	102555TR
790369713	753045	1111111111	102555TR
790369725	753146	1111111111	102555TR
790369728	753189	1111111111	102555TR
790369731	753200	1111111111	102555TR
790369748	753371	1111111111	102555TR
790369749	753380	1111111111	102555TR
790369752	753399	1111111111	102555TR
790369754	753417	1111111111	102555TR
790369758	753438	1111111111	102555TR
790369763	753500	1111111111	102555TR
790369766	753511	1111111111	102555TR
790369770	753539	1111111111	102555TR
790369771	753564	1111111111	102555TR
790369778	753635	1111111111	102555TR
790369794	753770	1111111111	102555TR
790369823	754052	1111111111	102555TR
790369855	757938	1111111111	102555TR
790369901	758338	1111111111	102555TR
790369927	758580	1111111111	102555TR
790369941	758705	1111111111	102555TR
790369947	758751	1111111111	102555TR
790369960	758860	1111111111	102555TR
790370096	819158	1111111111	102515MS
790370097	819168	1111111111	102515MS
790370098	819178	0	100323TP
790370100	819196	0	102666TP
790370101	819205	0	100695TP
790370102	819223	0	100057TP
790370103	819233	0	102663TP
790370104	819242	0	100698TP
790370105	819252	0	100698TP
790370106	819261	0	102663TP
790370107	819262	0	100698TP
790370108	819281	0025000336	100383TP
790370109	819291	0025000343	100383TP
790370110	819322	0025000347	100383TP
790370111	819324	0	102663TP
790370113	819342	0025000341	102701TP
790370114	819353	0	102663TP
790370115	819371	0025000341	102701TP
790370117	819390	0025000335	100324TP
790370118	819400	0	100795TP
790370119	819402	0025000021	102701TP
790370120	819424	0025000034	100795TP
790370125	819452	0	100795TP
790370127	819473	0025000036	100394TP
790370129	819491	0025000053	102702TP
790370131	819502	0	100698TP
790370132	819521	0	100698TP
790370133	819531	0	102703TP
790370134	819532	0	100698TP
790370135	819556	0	102703TP
790370136	819557	0	100060TP
790370137	819566	0	102666TP
790370138	819576	0	102666TP
790370139	819593	0	100698TP
790370140	819604	0	100795TP
790370141	819613	0	100057TP
790370142	819623	0	100795TP
790370143	819635	0	102663TP
790370144	819644	0	102663TP
790370145	819655	0	102663TP
790370146	819674	0	100057TP
790370147	819683	0	102663TP
790370148	819684	0	100698TP
790370149	819701	0	100057TP
790370150	819720	0	102672TP
790370151	819737	0	102663TP
790370152	819738	0	100795TP
790370153	819756	0	102672TP
790370156	819785	0	100880TP
790370157	819794	0	100880TP
790370158	819803	0	100880TP
790370159	819812	0	102672TP
790370160	819821	0	100322TP
790370161	819823	0	100694TP
790370162	819833	0	100391TP
790370163	819850	0	100391TP
790370164	819860	0	100057TP
790370165	819861	0	100383TP
790370166	819871	0	100322TP
790370167	819889	0	100057TP
790370169	819899	0	100698TP
790370170	819917	0	102663TP
790370171	819927	0	102671TP
790370173	819937	0	100060TP
790370174	819954	0	102663TP
790370175	819963	0	100694TP
790370176	819964	0	102663TP
790370177	819975	0	102663TP
790370179	819993	0	102701TP
790370372	762655	1111111111	102555TR
790370373	762664	1111111111	102555TR
790370377	762692	1111111111	102555TR
790370386	762799	1111111111	102555TR
790370389	762826	1111111111	102555TR
790370396	762897	1111111111	102555TR
790370399	762908	1111111111	102555TR
790370405	762979	1111111111	102555TR
790370406	762988	1111111111	102555TR
790370411	763025	1111111111	102555TR
790370413	763043	1111111111	102555TR
790370427	763173	1111111111	102555TR
790370429	763191	1111111111	102555TR
790370432	763210	1111111111	102555TR
790370437	763272	1111111111	102555TR
790370442	763310	1111111111	102555TR
790370449	763367	1111111111	102555TR
790370465	763529	1111111111	102555TR
790370469	763542	1111111111	102555TR
790370474	763603	1111111111	102555TR
790370475	763620	1111111111	102555TR
790370480	763659	1111111111	102555TR
790370483	763686	1111111111	102555TR
790370486	763726	1111111111	102555TR
790370490	763747	1111111111	102555TR
790370499	813932	0	100060TP
790370500	813933	0	100698TP
790370503	813969	0	100695TP
790370505	813995	0	100060TP
790370506	813997	0	100695TP
790370508	814023	0	102663TP
790370510	814041	0	100880TP
790370512	814043	0	102663TP
790370513	814069	0	102672TP
790370514	814078	0	102672TP
790370516	814104	0025000451	100394TP
790370518	814106	0	100880TP
790370519	814124	0	100880TP
790370521	814134	0	100880TP
790370522	814136	0025001261	102701TP
790370524	814179	0025001261	102701TP
790370526	814204	0025001261	102701TP
790370528	814215	0025001261	102701TP
790370529	814232	0025001229	100696TP
790370532	814259	0025001555	101525EE
790370534	814287	0025001665	102614MD
790370535	814288	1111111111	102515MS
790370536	814314	1111111111	102515MS
790370537	814315	1111111111	101963MS
790370538	814324	1111111111	102515MS
790370540	814359	1111111111	102515MS
790370541	814361	1111111111	102515MS
790370542	814379	1111111111	102515MS
790370543	814389	1111111111	101963MS
790370544	814390	1111111111	102515MS
790370546	814409	0025000798	100060TP
790370547	814420	0025000727	100229BE
790370548	814437	0025000716	100696TP
790370554	814485	0025000679	100394TP
790370555	814504	1111111111	102515MS
790370556	814520	1111111111	102515MS
790370557	814521	1111111111	102515MS
790370560	814525	1111111111	102515MS
790370561	814526	1111111111	102515MS
790370562	814529	1111111111	101963MS
790370563	814530	1111111111	101963MS
790370564	814532	1111111111	101963MS
790370567	814535	0	100694TP
790370569	814538	0	100057TP
790370571	814541	0	100391TP
790370572	814542	0	100383TP
790370573	814543	0	100322TP
790370576	814548	0	102665TP
790370579	814552	0	102665TP
790370580	814553	0	102665TP
790370582	814563	0	100383TP
790370583	814564	0	100057TP
790370584	814589	0	100057TP
790370585	814590	0	102666TP
790370586	814609	0	102666TP
790370587	814610	0	102666TP
790370588	814612	0	100060TP
790370589	814660	0	102671TP
790370591	814718	0	102666TP
790370593	814753	0	100060TP
790370594	814794	0	100060TP
790370595	814803	0025001193	101525EE
790370596	814820	0025001189	100696TP
790370597	814854	0025001188	101525EE
790370599	814880	0025001206	101525EE
790370600	837060	0025000261	100297TP
790370604	814959	0025001214	102702TP
790370606	814978	0025000228	102663TP
790370607	814995	0025000230	100394TP
790370608	814996	0025000215	100383TP
790370609	815005	0025000215	100383TP
790370610	815014	0	100695TP
790370611	815031	0	100695TP
790370612	815048	0025000205	102211TP
790370613	815050	0025000209	100386TP
790370614	815051	0025000215	100383TP
790370617	815150	0025000875	100824TP
790370618	815151	0025000875	100824TP
790370619	815161	0025000873	100824TP
790370620	815170	0025000873	100824TP
790370621	815180	0025000861	100383TP
790370622	815189	0025000889	101884MD
790370623	815198	0025000870	102668TP
790370624	815207	0025000886	100324TP
790370625	815216	0025000878	100824TP
790370626	815225	0025000834	100824TP
790370627	815226	0025000834	100824TP
790370628	815236	0025000899	100824TP
790370629	815253	0025000908	101525EE
790370630	815263	0025000912	100824TP
790370631	815272	0025000931	100057TP
790370632	850571	0025001202	101525EE
790370633	850581	0025001202	101525EE
790370637	850623	0025001765	102820TP
790370638	850642	0025001765	102820TP
790370639	850652	0025001765	102820TP
790370640	850663	0025001759	102746RT
790370642	850683	0025001580	102820TP
790370646	850724	0025001734	100391TP
790370657	850847	0025001626	101525EE
790370660	850877	0025001722	100391TP
790370661	850878	0025001756	102746RT
790370665	850898	0025001224	102701TP
790370666	850909	0025001224	102701TP
790370667	850919	0025001224	102701TP
790370668	850929	0025001224	102701TP
790370669	850949	0025001647	102711TP
790370679	851031	0025001574	100057TP
790370683	851072	0025001084	100324TP
790370686	851084	0025001617	101525EE
790370687	851094	0025001112	100324TP
790370690	851124	0025001626	101525EE
790370691	851143	0025001624	101525EE
790370692	851155	0025001482	102671TP
790370693	851166	0025001480	102820TP
790370694	851179	0025001481	102671TP
790370696	851209	0025001471	100696TP
790370701	851261	0025001450	100060TP
790370705	851297	0025001754	102701TP
790370711	851358	0025001803	102746RT
790370713	851379	0025001201	100009MD
790370714	851391	0025001209	101525EE
790370715	851403	0025001209	101525EE
790370716	851414	0025001237	102711TP
790370718	851447	0025001194	101525EE
790370719	851458	0025001194	101525EE
790370720	851469	0025001194	101525EE
790370721	851479	0025001194	101525EE
790370722	851491	0025001228	100696TP
790370782	787910	1111111111	102555TR
790370793	787946	1111111111	102555TR
790370835	788407	1111111111	102555TR
790370846	788492	1111111111	102555TR
790370894	788960	1111111111	102555TR
790371034	808867	0025001395	100323TP
790371035	808876	0025001394	100060TP
790371036	808885	0025001361	102665TP
790371059	809100	0025001010	101525EE
790371060	809101	0025001008	101525EE
790371061	809102	0025000995	101525EE
790371062	809103	0025000994	101525EE
790371063	809104	0025001017	100393TP
790371064	809105	0025001026	101525EE
790371067	809108	0025001004	101525EE
790371068	809165	0025000827	100324TP
790371073	809227	0025000868	100824TP
790371074	809236	0025000852	102702TP
790371075	809245	0025000852	102702TP
790371078	809284	0025001028	101525EE
790371079	809285	0025001041	101525EE
790371081	809295	0025000982	100695TP
790371082	809304	0025001030	101525EE
790371083	809321	0025001048	101525EE
790371084	809330	0025001046	101525EE
790371085	809339	0025001042	101525EE
790371086	809348	0025001035	101525EE
790371087	809357	0025001022	100383TP
790371093	809429	0025000909	100824TP
790371094	809438	0025000903	100696TP
790371095	809447	0025000900	100060TP
790371096	809456	0025000882	100696TP
790371097	809466	0025000907	100824TP
790371100	809574	0025000600	100696TP
790371101	809583	0025000597	102701TP
790371102	809592	0025000590	102701TP
790371103	809593	0025000576	100383TP
790371105	809611	0025000598	102701TP
790371106	809620	0025000599	102701TP
790371107	809629	0025000605	102702TP
790371109	809647	0025000915	100824TP
790371113	809675	0025000975	100605MD
790371115	809693	0025000928	100824TP
790371116	809702	0025000926	100824TP
790371119	809729	0025000588	100323TP
790371120	809738	0025000588	100323TP
790371121	809747	0025000588	100323TP
790371122	809756	0025000561	100393TP
790371123	809765	0025000548	100383TP
790371128	809810	0025000571	100322TP
790371130	809828	0025000640	100696TP
790371131	809846	0025000639	100696TP
790371132	809847	0025000631	102701TP
790371133	809856	0025000609	100323TP
790371134	809865	0025000627	102701TP
790371135	809874	0025000627	102701TP
790371136	809883	0025000629	100696TP
790371141	809919	0025000676	100394TP
790371142	809937	0025000661	100696TP
790371144	809947	0025000643	100393TP
790371145	809964	0025000650	100393TP
790371146	809965	0025000656	100354BE
790371147	809966	0025000656	100354BE
790371148	809975	0025000420	102701TP
790371150	809996	0025000127	100695TP
790371151	810002	0025000128	100394TP
790371152	810011	0025000123	100695TP
790371153	810012	0025000118	100695TP
790371156	810055	0025000111	100383TP
790371158	810064	0025000127	100695TP
790371161	810108	0025000041	100394TP
790371162	810126	0025000035	100394TP
790371163	810127	0025000031	100795TP
790371164	810136	0025000396	100323TP
790371165	810145	0025000417	102701TP
790371166	810146	0025000042	100394TP
790371244	845593	0025001365	100327TP
790371246	845616	0025001376	100009MD
790371247	845617	0025001376	100009MD
790371249	845656	0025001346	102710TP
790371250	845667	0025001391	100060TP
790371253	845678	0025001422	101525EE
790371273	847537	0025000985	101525EE
790371307	768020	1111111111	102555TR
790371318	768126	1111111111	102555TR
790371320	768144	0	100694TP
790371330	768264	0	100694TP
790371381	773119	1111111111	102555TR
790371401	773301	1111111111	102555TR
790371408	773372	1111111111	102555TR
790371423	773492	1111111111	102555TR
790371743	872446	0025001618	101525EE
790371750	872497	0025001538	101525EE
790371752	872508	0025001542	101525EE
790371765	872625	0025001550	101525EE
790371782	872811	0025001689	101525EE
790371808	873080	0025001610	101525EE
790371813	873133	0025001524	101525EE
790371814	873144	0025001525	100323TP
790371825	873241	0025001999	101525EE
790371827	873261	0025001774	102665TP
790371828	873271	0025001743	102665TP
790371834	873332	0025001710	101525EE
790371849	873474	0025001806	100393TP
790371854	873525	0025001501	100060TP
790371861	873598	0025001450	100060TP
790371862	873617	0025001450	100060TP
790371863	873618	0025001471	100696TP
790371866	873658	0025001466	100696TP
790371867	873659	0025001475	102820TP
790371868	873678	0025001498	102665TP
790371870	873691	0025001492	102671TP
790371871	873701	0025001492	102671TP
790371874	873741	0025001498	102665TP
790371900	873998	0025001453	100696TP
790371901	874008	0025001453	100696TP
790371902	874019	0025001451	100696TP
790371904	874040	0025001486	102665TP
790371905	874050	0025001472	100060TP
790371906	874060	0025001467	100696TP
790371907	874070	0025001460	100060TP
790371908	874090	0025001488	102665TP
790371911	874111	0025001480	102820TP
790371912	874122	0025001481	102671TP
790371913	874132	0025001509	102702TP
790371914	874143	0025001509	102702TP
790371915	874154	0025001509	102702TP
790371917	874174	0025001495	100696TP
790373985	877797	0025001912	101525EE
790373989	877818	0025001912	101525EE
790374077	878717	0025001907	101525EE
790374078	878718	0025001907	101525EE
790374087	878829	0025001907	101525EE
790374094	878882	0025001899	101525EE
790374101	878973	0025001475	102820TP
790374102	878983	0025001485	102665TP
790374104	878993	0025001485	102665TP
790375995	879097	0025001466	100696TP
790375999	879137	0025001506	102671TP
790376002	879177	0025001495	100696TP
790376010	879239	0025001495	100696TP
790376018	879329	0025001488	102665TP
790376066	879786	0025001720	100057TP
790376070	879835	0025001509	102702TP
790376071	879836	0025001821	100009MD
790376074	879875	0025001806	100393TP
790376097	880081	0025001834	101525EE
790376102	880130	0025001852	101525EE
790376109	880195	0025001856	101525EE
790376114	880235	0025001860	101525EE
790376116	880246	0025001863	101525EE
790376118	880266	0025001865	101525EE
790378024	875047	0025001924	100057TP
790378028	875078	0025001924	100057TP
790378033	875128	0025001932	100323TP
790378036	875159	0025001886	101097RT
790378038	875179	0025001878	101525EE
790378039	875198	0025001850	100696TP
790378040	875199	0025001850	100696TP
790378042	875220	0025001876	101525EE
